17 1 32 40 45 67 76 81 107 121 131 151 174 184 192 265 276 297 
16 2 11 22 39 56 74 82 91 92 112 117 146 206 221 225 275 
23 3 10 30 44 49 85 101 102 116 130 140 147 155 159 188 199 214 244 250 259 271 287 295 
18 6 16 37 53 57 62 93 94 113 150 156 201 207 210 268 284 288 289 
15 12 19 24 35 68 78 104 119 127 132 133 152 232 256 270 
15 13 26 42 46 52 59 75 88 100 128 168 196 219 242 247 
23 14 17 31 41 43 61 64 69 95 97 110 115 120 124 160 164 167 197 209 213 230 237 277 
17 15 36 55 84 137 144 177 182 189 194 195 211 227 240 260 286 299 
19 18 29 38 51 66 89 108 138 143 170 178 185 208 212 218 246 254 263 296 
17 20 21 33 34 58 63 73 83 99 109 125 129 141 145 204 238 264 
16 23 27 54 60 90 111 114 126 134 158 175 190 257 258 262 273 
14 25 28 47 65 80 103 106 139 173 180 187 198 239 267 
15 48 71 77 98 118 122 136 154 183 205 220 222 236 269 278 
15 50 70 87 105 135 149 161 171 193 217 228 245 249 261 290 
9 72 79 96 142 166 169 191 203 223 
8 86 123 153 162 165 172 179 181 
11 148 157 163 176 186 202 215 233 248 283 293 
7 200 224 226 235 241 280 285 
2 216 231 
4 229 272 292 294 
4 234 243 251 298 
1 252 
4 253 255 266 279 
2 274 281 
2 282 291 
0 
0 
0 
0 
0 
0 
0 
0 
0 
0 
0 
0 
0 
0 
0 
0 
0 
0 
0 
0 
0 
0 
0 
0 
0 
0 
0 
0 
0 
0 
0 
0 
0 
0 
0 
0 
0 
0 
0 
0 
0 
0 
0 
0 
0 
0 
0 
0 
0 
0 
0 
0 
0 
0 
0 
0 
0 
0 
0 
0 
0 
0 
0 
0 
0 
0 
0 
0 
0 
0 
0 
0 
0 
0 
0 
