94 0 1 2 8 9 15 16 17 20 26 27 28 41 42 84 85 96 97 103 106 108 137 140 143 175 204 210 220 230 236 241 245 247 258 294 300 327 374 401 409 428 435 437 440 445 449 518 521 522 524 531 537 549 579 600 610 616 651 666 667 696 701 744 745 797 804 818 819 875 928 944 952 958 959 1120 1163 1193 1194 1223 1225 1228 1247 1250 1277 1283 1352 1392 1403 1406 1408 1409 1441 1463 1483 
92 3 7 10 12 13 19 21 22 25 30 40 43 48 49 55 57 59 61 62 75 81 112 122 142 156 165 189 190 194 195 228 235 270 284 285 296 330 334 339 357 373 382 385 545 570 611 634 645 661 668 680 703 721 737 742 747 752 759 782 788 793 817 820 876 923 942 967 970 1004 1035 1038 1046 1074 1098 1179 1245 1269 1276 1306 1376 1423 1473 1481 1513 1560 1561 1642 1669 1717 1767 1846 2538 
102 4 5 6 11 14 18 37 38 39 54 63 64 76 83 111 121 123 134 138 149 174 213 222 225 250 254 255 262 289 290 305 343 391 398 430 431 432 447 460 517 523 528 540 572 604 613 628 630 639 644 678 693 768 784 801 827 839 854 867 868 888 948 950 974 995 1200 1216 1233 1356 1371 1420 1435 1625 1627 1635 1754 1770 1773 1811 1814 1826 1831 1847 1848 1862 1881 1892 1896 1906 1933 1939 2236 2243 2330 2345 2362 2377 2386 2428 2434 2513 4676 
93 23 31 34 53 60 65 71 78 114 117 126 129 164 168 169 170 171 172 173 196 215 224 232 251 261 264 269 287 306 309 316 329 346 371 394 404 408 423 433 464 546 553 555 588 591 635 640 648 663 673 674 706 708 748 761 764 775 847 879 892 917 968 1055 1064 1075 1160 1180 1213 1278 1322 1343 1347 1390 1395 1422 1426 1429 1449 1453 1506 1656 1681 1719 1723 1728 1729 1742 1769 1792 1829 1830 1843 5801 
93 24 35 44 45 51 52 67 70 73 82 89 95 144 145 147 176 177 178 185 207 211 216 218 242 243 244 324 347 348 353 393 397 414 438 454 455 456 463 471 473 493 503 509 511 512 513 529 562 563 598 624 626 679 841 849 873 905 955 977 1003 1005 1085 1087 1103 1107 1111 1117 1155 1174 1195 1206 1221 1273 1305 1346 1348 1353 1385 1400 1512 1516 1517 1574 1603 1606 1608 1614 1632 1691 1692 1705 1712 9955 
91 29 32 33 36 46 47 50 56 58 66 68 72 79 80 86 87 91 94 100 104 115 119 120 124 127 130 131 141 150 151 152 166 179 180 184 188 201 237 238 272 302 315 369 379 380 396 427 487 494 505 585 605 615 656 664 704 714 743 829 864 865 870 877 878 880 882 884 912 960 994 1059 1076 1110 1121 1151 1165 1175 1235 1257 1312 1315 1316 1320 1324 1339 1414 1431 1467 1489 1528 1582 
90 69 74 77 88 90 93 99 102 105 125 136 139 158 161 191 199 223 239 240 256 263 267 280 283 291 295 298 313 319 389 402 403 405 429 441 443 459 480 490 500 507 510 607 617 618 670 686 691 705 718 730 770 809 815 922 939 969 987 1083 1095 1102 1114 1124 1167 1199 1208 1405 1448 1451 1455 1505 1535 1559 1565 1570 1593 1602 1607 1613 1776 1781 1784 1786 1790 1798 1859 1895 1903 1945 1964 
97 92 98 101 107 109 110 113 118 132 133 135 146 148 163 182 183 187 206 221 227 351 355 360 366 367 372 375 442 448 457 469 478 488 492 502 519 525 527 534 554 556 569 574 575 576 608 660 672 675 695 707 712 719 753 776 777 779 843 853 903 910 920 961 963 964 992 999 1092 1292 1311 1336 1370 1375 1523 1568 1575 1588 1590 1679 1683 1708 1757 1893 1992 2004 2014 2017 2018 2041 2048 2068 2108 2117 2180 2250 2596 8473 
93 116 128 153 154 155 167 202 219 226 265 299 308 310 314 325 328 368 417 420 520 535 536 539 542 543 557 559 561 578 595 637 662 700 710 722 844 856 858 883 891 927 956 980 1094 1119 1172 1186 1198 1314 1318 1327 1425 1450 1611 1623 1646 1655 1699 1720 1813 1818 1832 1880 1901 1921 1936 1969 1974 1979 1987 1988 1989 2021 2046 2105 2155 2170 2213 2305 2310 2322 2340 2343 2351 2359 2393 2404 2411 2421 2439 2482 2520 2589 
94 157 159 160 162 181 192 197 214 217 234 249 266 268 273 277 279 282 312 335 354 376 399 400 416 418 538 609 623 646 653 669 688 702 726 731 733 738 760 812 872 889 909 914 986 1020 1052 1100 1127 1128 1149 1205 1212 1478 1487 1488 1543 1552 1553 1665 1686 1695 2192 2207 2242 2248 2254 2269 2312 2550 2630 2662 2697 2722 2849 2872 2973 2980 3005 3020 3027 3029 3034 3045 3057 3064 3103 3117 3138 3227 3267 3279 3332 3336 3822 
96 186 198 205 208 209 212 229 231 233 246 248 271 275 320 326 341 344 358 377 387 407 415 424 551 587 596 643 649 698 717 723 728 729 740 751 765 802 851 901 916 926 949 962 979 989 1034 1060 1071 1080 1086 1090 1138 1144 1168 1189 1215 1270 1297 1317 1337 1350 1440 1464 1525 1532 1533 1630 1633 1715 1726 1733 1886 1934 1954 2026 2027 2066 2081 2094 2121 2171 2173 2185 2212 2215 2218 2233 2290 2299 2349 2355 2360 2381 2425 2429 7247 
88 193 200 203 252 260 274 276 278 281 318 338 342 392 461 462 481 483 484 485 486 514 515 530 533 571 593 650 682 683 713 725 758 773 824 831 850 919 925 1054 1112 1115 1116 1164 1166 1482 1494 1498 1581 1587 1647 1774 1797 1819 1887 1897 1902 1922 1946 1957 1998 2008 2047 2083 2141 2151 2161 2261 2264 2333 2337 2354 2382 2422 2437 2449 2468 2536 2537 2548 2576 2594 2595 2609 2617 2691 2766 2775 2795 
96 253 257 259 286 301 304 317 333 337 345 349 352 363 381 422 446 450 452 475 506 508 516 589 659 684 749 750 790 814 881 886 902 911 1030 1037 1044 1066 1089 1093 1135 1239 1246 1256 1259 1261 1296 1359 1364 1388 1445 1458 1479 1496 1520 1522 1531 1545 1566 1641 1650 2070 2332 2371 2380 2398 2410 2473 2681 2767 2770 2819 2876 2899 2910 2917 2923 2960 2979 3032 3053 3109 3210 3263 3269 3273 3282 3284 3292 3321 3347 3420 3432 3444 3685 3697 4346 
98 288 292 303 307 332 361 370 388 411 419 439 451 453 465 467 472 482 497 544 548 550 552 565 567 573 621 632 633 636 716 735 778 789 800 803 806 821 838 871 874 900 908 946 1082 1123 1143 1150 1162 1202 1295 1329 1334 1342 1351 1368 1378 1398 1418 1427 1437 1442 1507 1563 1576 1586 1617 1619 1739 1772 1828 1833 1838 1863 1885 2007 2029 2115 2116 2122 2154 2157 2167 2179 2220 2247 2267 2286 2306 2341 2372 2389 2390 2426 2481 2489 2499 2509 2544 
98 293 297 331 350 365 413 468 470 474 476 477 491 498 499 504 560 631 681 711 746 754 763 869 895 953 957 991 1027 1043 1062 1065 1078 1136 1139 1397 1401 1741 1752 1765 1940 2043 2101 2150 2153 2158 2176 2226 2301 2391 2396 2554 2568 2578 2616 2618 2667 2675 2701 2706 2739 2771 2773 2774 2776 2780 2837 2890 2975 2981 3060 3061 3065 3100 3119 3133 3161 3184 3189 3198 3200 3225 3272 3392 3403 3441 3445 3456 3489 3559 3561 3570 3592 3598 3614 3645 3738 3828 3829 
87 311 321 322 323 336 340 356 359 362 364 410 434 458 466 489 501 592 601 603 606 619 620 625 647 657 658 694 699 724 732 734 739 794 808 816 823 915 931 1014 1023 1042 1153 1475 1713 1722 1804 1874 1913 1917 1994 2030 2035 2055 2125 2166 2252 2253 2272 2405 2407 2418 2420 2424 2453 2516 2517 2527 2531 2579 2580 2581 2612 2623 2637 2778 2784 2794 2867 2896 2904 2905 2921 2924 2934 2940 2955 3167 
93 378 383 390 395 412 421 425 436 526 532 564 577 590 599 612 614 685 687 690 697 755 769 771 772 781 785 799 811 842 852 1021 1022 1056 1070 1148 1161 1219 1248 1253 1254 1262 1280 1399 1436 1484 1497 1510 1589 1601 1629 1636 1670 1710 1743 1747 1768 1771 1821 1834 1836 1915 1918 1963 1967 2012 2049 2450 2479 2502 2524 2530 2532 2534 2597 2633 2641 2698 2719 2732 2765 2790 2814 2842 2871 2929 2938 2945 2998 3028 3030 3031 3062 5292 
103 384 386 406 426 444 479 495 496 541 547 568 580 583 594 602 622 627 629 641 642 652 654 655 692 795 810 826 830 832 890 951 973 1006 1007 1008 1029 1041 1109 1122 1140 1157 1178 1211 1241 1279 1309 1328 1333 1389 1394 1485 1502 1600 1660 1707 1714 1764 1799 1805 1810 1817 1822 2113 2127 2172 2209 2222 2230 2241 2335 2342 2361 2402 2416 2441 2443 2445 2447 2522 2523 2551 2570 2591 2621 2636 2638 2657 2690 2808 2823 2861 2941 2967 2968 3002 3003 3014 3051 3054 3059 3066 3112 3180 
105 558 566 581 582 584 586 597 638 665 671 676 689 715 720 727 736 766 780 783 791 796 834 855 983 1069 1096 1097 1169 1341 1618 1626 1649 1667 1697 1700 1731 1751 1982 2271 2317 2323 2358 2365 2431 2480 2490 2501 2504 2564 2647 2658 2671 2705 2733 2816 2817 2824 2845 2865 3017 3042 3088 3104 3113 3149 3191 3228 3277 3307 3322 3333 3355 3360 3384 3487 3496 3499 3510 3515 3521 3528 3531 3617 3621 3749 3783 3793 3810 3826 3833 3855 3864 3867 4331 4443 4448 4452 4465 4471 4472 4477 4503 4504 4524 4564 
101 677 709 798 835 906 984 1024 1063 1145 1154 1190 1363 1438 1640 1654 1698 2033 2092 2199 2208 2346 2487 2643 2673 2682 2731 2738 2747 2760 2813 2838 2839 2840 2877 2880 2906 2915 2939 2946 2952 2958 3096 3102 3165 3166 3175 3179 3182 3213 3218 3231 3248 3300 3359 3364 3368 3712 3713 3737 3779 3780 3794 3808 3813 3842 3857 3862 3869 3874 3885 3909 3941 4076 4087 4122 4196 4266 4297 4378 4445 4451 4651 4664 4667 4897 4924 4930 4931 4941 5022 5030 5031 5033 5059 5065 5091 5160 5165 5245 5404 7721 
98 741 756 857 932 937 947 975 981 982 1032 1049 1051 1091 1132 1188 1192 1204 1237 1255 1263 1298 1313 1365 1377 1382 1415 1524 1549 1579 1580 1584 1594 1596 1615 1624 1638 1661 1666 1675 1687 1758 1961 1968 1981 1990 2093 2140 2147 2203 2205 2219 2223 2316 2400 2419 2472 2495 2599 2631 2799 2985 3018 3019 3085 3128 3234 3235 3241 3246 3265 3275 3285 3317 3764 3765 3772 3774 3782 3903 3904 4014 4061 4065 4067 4068 4072 4085 4093 4152 4192 4230 4263 4298 4303 4396 4428 4434 9702 
97 757 767 813 897 1026 1045 1047 1146 1158 1176 1224 1238 1249 1251 1264 1265 1310 1332 1446 1462 1508 1527 1546 1547 1616 1738 1746 1824 1855 1857 1866 1894 1925 2679 2751 2752 2754 2805 2830 2844 2851 3024 3036 3118 3216 3264 3366 3396 3398 3409 3413 3435 3440 4001 4003 4004 4248 4381 4482 4485 4488 4493 4652 4730 4744 4787 4793 4872 4881 4887 4891 4893 4896 4910 5127 5233 5241 5243 5255 5262 5291 5746 5763 5816 5855 5951 5955 6044 6068 6078 6131 6159 6209 6215 6222 6225 6229 
104 762 774 848 887 913 929 930 1033 1039 1061 1134 1141 1196 1240 1258 1274 1275 1284 1321 1323 1338 1416 1468 1598 1604 1609 1610 1634 1883 1923 1924 1926 1948 1951 1958 1966 2002 2082 2106 2107 2132 2168 2194 2211 2324 2326 2339 2364 2376 2384 2451 2454 2455 2456 2601 2613 2669 2695 2737 2741 2744 2756 2788 2822 2826 2893 2902 2911 2913 2918 2931 2935 2942 2996 3008 3172 3178 3208 3230 3523 3572 3581 3671 3741 3767 3796 3817 3821 3953 3984 4018 4027 4060 4135 4153 4221 4591 4603 4606 4764 4795 4871 4966 5047 
100 786 792 807 904 924 936 972 978 1009 1015 1019 1057 1073 1079 1201 1222 1242 1244 1335 1358 1369 1372 1379 1381 1430 1444 1529 1735 1816 1845 1849 2095 2099 2142 2160 2164 2560 2567 2614 2627 2670 2677 2811 2834 2984 2995 3090 3124 3126 3127 3211 3221 3259 3404 3548 3573 3577 3578 3599 3602 3615 3880 4037 4094 4105 4125 4134 4177 4184 4244 4364 4439 4444 4468 4491 4548 4552 4561 5162 5168 5190 5213 5215 5372 5376 5421 5424 5427 5438 5440 5588 5996 6036 6039 6041 6048 6067 6083 6140 6455 
95 787 805 833 836 837 894 898 899 907 941 985 1099 1101 1108 1133 1266 1300 1301 1302 1307 1480 1490 1537 1551 1555 1557 1585 1639 1643 1711 1721 1791 1800 1823 1835 1842 1851 1884 1942 2120 2144 2169 2181 2184 2198 2204 2214 2237 2245 2394 2448 2542 2700 2710 2728 2746 2763 2783 2786 2818 2943 2951 2971 2977 2986 2987 3130 3155 3158 3170 3183 3185 3188 3947 3998 4002 4010 4066 4097 4129 4145 4185 4236 4267 4282 4287 4294 4312 4313 4320 4464 4567 4594 4613 4654 
96 822 825 828 845 885 893 918 938 965 966 997 1001 1010 1011 1012 1017 1031 1220 1236 1272 1291 1293 1304 1331 1340 1357 1360 1380 1424 1428 1509 1564 1571 1595 1678 1685 1694 1794 1873 1928 1947 1959 2446 2459 2462 2464 2471 2486 2539 2543 2574 2646 2648 2743 2796 2815 2847 2966 3004 3011 3012 3022 3072 3075 3365 3369 3372 3379 3415 3449 3459 3506 3508 3549 3974 3981 4020 4023 4025 4041 4070 4086 4100 4112 4143 4161 4205 4208 4214 4279 4290 4345 4400 4407 4414 4420 
106 840 846 860 861 866 943 954 971 1040 1048 1084 1156 1177 1191 1229 1232 1260 1271 1308 1374 1393 1407 1410 1412 1491 1493 1495 1518 1521 1544 1554 1556 1583 1599 1605 1657 1663 1674 1703 1750 1778 1780 1785 1787 1861 1865 1877 1912 1950 2045 2052 2087 2139 2152 2189 2196 2200 2231 2244 2292 2308 2367 2379 2383 2397 2403 2413 2474 2477 2478 2496 2693 2711 2895 3076 3081 3086 3137 3236 3283 3286 3296 3323 3325 3370 3371 3476 3479 3495 3500 3507 3526 3530 3532 3536 3540 3558 3567 3590 3596 3978 4007 4021 4024 4181 4595 
97 859 862 863 921 933 934 940 1072 1077 1126 1130 1159 1185 1187 1197 1207 1252 1267 1383 1384 1421 1469 1471 1526 1530 1577 1658 1744 1748 1749 1753 1759 1777 1870 1905 1914 1949 1956 1965 1993 1997 2003 2022 2032 2103 2118 2133 2378 2408 2503 2507 2515 2553 2605 2611 2644 2649 2686 2708 2712 2714 2715 2730 2753 2802 2831 2846 2859 2866 2875 2879 2961 2982 3006 3026 3058 3070 3131 3157 3164 3174 3201 3250 3253 3319 3342 3345 3383 3390 3414 3417 3421 3422 3471 3490 3492 4124 
106 896 935 945 988 1025 1105 1106 1125 1129 1131 1137 1181 1203 1226 1234 1268 1287 1325 1349 1396 1472 1500 1501 1504 1514 1540 1541 1644 1645 1672 1684 1775 1796 1802 1806 1853 1879 1898 1932 1970 1971 1985 2019 2024 2034 2044 2058 2062 2079 2097 2102 2143 2149 2178 2224 2227 2234 2270 2279 2281 2294 2300 2315 2325 2331 2344 2347 2353 2395 2399 2409 2438 2444 2460 2505 2557 2571 2577 2699 2702 2720 2755 2761 2798 2850 2860 2909 2953 2988 3039 3047 3048 3171 3491 3493 3497 3996 4034 4148 4149 4157 4201 4243 4254 4258 4281 
103 976 1028 1036 1053 1067 1081 1182 1209 1217 1227 1230 1290 1345 1439 1476 1477 1492 1534 1548 1621 1628 1653 1732 1762 1763 1856 1876 1972 1996 2025 2028 2038 2039 2054 2075 2235 2238 2257 2275 2304 2329 2356 2366 2369 2374 2401 2436 2465 2475 2483 2493 2506 2519 2528 2549 2556 2590 2626 2660 2725 2740 2841 2878 2898 2922 2937 2944 2993 3147 3148 3181 3186 3187 3196 3212 3237 3239 3257 3411 3446 3470 3477 3539 3541 3992 4048 4074 4098 4123 4137 4146 4200 4229 4245 4250 4513 4614 4623 4772 5242 5246 5247 7591 
100 990 993 998 1013 1016 1050 1068 1118 1243 1294 1303 1411 1417 1443 1454 1461 1511 1622 1682 1740 1745 1820 1841 1907 1911 1995 2089 2090 2098 2109 2123 2278 2288 2293 2385 2388 2512 2558 2561 2565 2587 2602 2620 2628 2635 2653 2668 2694 2721 2736 2828 2833 2856 2997 2999 3071 3122 3206 3215 3288 3318 3331 3338 3341 3357 3397 3436 3454 3509 3513 3518 3566 3568 3586 3607 3610 3618 3624 3629 3640 3663 3677 3739 3792 3845 3948 3983 3988 4005 4036 4223 4251 4308 4328 4336 4535 4544 4551 4582 4642 
96 996 1142 1147 1170 1171 1281 1282 1299 1354 1355 1362 1413 1432 1433 1434 1503 1572 1662 1668 1673 1693 1706 1718 1734 1755 1795 1815 1837 1839 1840 1904 1938 1955 2010 2023 2084 2085 2183 2201 2357 2368 2370 2430 2529 2582 2585 2592 2680 2689 2718 2803 2807 2809 2863 2868 2869 2907 2936 3063 3093 3163 3176 3426 3458 3494 3546 3550 3551 3552 3582 3588 3594 3625 3635 3653 3666 3672 3701 3706 3715 3716 3719 3720 3755 3760 3905 3914 3966 3986 3993 4011 4031 4083 4116 4304 4622 
101 1000 1002 1058 1113 1183 1184 1210 1214 1218 1285 1286 1288 1289 1344 1452 1456 1459 1460 1465 1466 1470 1515 1519 1536 1538 1558 1569 1573 1620 1671 1888 1916 1941 1975 1980 2005 2009 2011 2031 2036 2297 2313 2336 2375 2458 2463 2469 2508 2545 2552 2600 2703 2704 2745 2801 2864 2994 3016 3073 3083 3101 3108 3287 3293 3297 3304 3311 3565 3576 3587 3620 3837 3846 3847 3849 3954 3963 3976 3987 3995 4042 4044 4054 4096 4160 4276 4384 4406 4729 4742 4758 4833 4873 5166 5195 5218 5226 5250 5264 5280 5316 
101 1018 1088 1104 1152 1173 1231 1366 1367 1373 1386 1387 1391 1419 1474 1486 1499 1612 1651 1690 1696 1702 1709 1716 1724 1727 1793 1809 1812 1844 1850 1867 1878 1891 2091 2110 2114 2119 2206 2221 2225 2246 2255 2273 2274 2283 2295 2327 2334 2363 2639 2640 2650 2664 2707 2717 2724 2777 2789 2843 2854 2889 2891 2983 2992 3151 3152 3173 3177 3329 3361 3382 3402 3439 3732 3769 3848 3906 3911 3919 3950 3979 3989 3994 4040 4062 4063 4075 4079 4158 4165 4233 4247 4249 4351 4388 4392 4398 4399 4512 4541 6827 
105 1319 1326 1330 1361 1402 1404 1447 1542 1550 1701 1725 1730 1782 1783 1801 1807 1808 1937 1983 1999 2061 2064 2069 2071 2156 2191 2195 2197 2202 2217 2228 2259 2263 2266 2298 2309 2338 2414 2415 2433 2440 2442 2452 2498 2518 2540 2562 2624 2625 2634 2687 2748 2793 2825 2827 2835 2908 2927 2947 2991 3038 3056 3067 3074 3078 3091 3092 3114 3123 3229 3252 3281 3316 3353 3373 3375 3428 3433 3639 3642 4045 4049 4114 4170 4386 4709 4711 4721 4734 4777 5112 5200 5216 5221 5274 5346 5373 5426 5446 5457 5544 5608 5667 5730 6923 
94 1457 1539 1562 1567 1578 1591 1592 1597 1736 1737 1756 1760 1766 1779 1788 1789 2136 2162 2174 2175 2190 2193 2216 2258 2268 2284 2285 2427 2466 2467 2521 2535 2555 2645 2651 2655 2672 2735 2781 2791 2797 2848 2881 2887 2926 2932 2974 3035 3099 3129 3134 3140 3145 3242 3244 3261 3262 3315 3362 3367 3430 3641 3662 3676 3679 3744 3756 3762 3766 3770 3802 3816 3836 3850 3929 3942 3959 4156 4162 4216 4241 4242 4326 4329 4492 4494 4511 4546 4629 4743 4746 4841 4846 5383 
99 1631 1637 1648 1652 1676 1677 1680 1689 1704 1827 1871 1872 1927 1929 1976 1991 2013 2130 2131 2289 2314 2412 2417 2435 2494 2510 2525 2615 2622 2629 2632 2656 2676 2749 2772 2821 2852 2874 2901 2903 2916 2933 2954 2956 2969 2976 2978 3055 3089 3143 3144 3146 3150 3153 3154 3156 3251 3254 3255 3266 3270 3313 3349 3386 3388 3405 3423 3429 3442 3455 3457 3467 3468 3472 3485 3687 3688 3692 3695 3696 3698 3896 3932 4127 4277 4356 4425 4686 4724 4740 4750 4822 4823 4829 5145 5156 5157 5338 6178 
105 1659 1688 1889 1910 1944 2135 2137 2165 2187 2249 2251 2319 2321 2392 2423 2432 2470 2575 2663 2684 2723 2729 2829 2855 2870 2919 2920 3009 3068 3098 3159 3162 3168 3192 3199 3203 3205 3219 3274 3291 3312 3335 3348 3363 3381 3389 3407 3410 3412 3416 3431 3438 3447 3484 3501 3511 3512 3517 3524 3575 3595 3604 3609 3626 3644 3646 3660 3718 3726 3733 3734 3750 3788 3800 3806 3818 3886 3887 3921 3928 4133 4140 4172 4204 4268 4371 4401 4403 4442 4473 4474 4489 4662 4678 4684 4696 4732 4853 4916 4951 4976 4994 5020 5184 9580 
95 1664 1854 1869 1875 1890 1899 1931 2000 2037 2040 2056 2057 2059 2060 2063 2076 2148 2159 2256 2260 2265 2352 2511 2526 2546 2619 2665 2674 2683 2685 2688 2709 2726 2758 2759 2769 2782 2785 2800 2820 2886 2989 3077 3097 3105 3141 3142 3328 3391 3448 3453 3475 3480 3498 3527 3533 3534 3535 3537 3538 3542 3547 3554 3555 3557 3603 3622 3638 3647 3651 3655 3757 3814 3835 3866 3877 3890 3891 3915 3925 3933 3946 3951 3962 4416 4421 4430 4459 4462 4466 4486 4579 4635 4645 4770 
101 1761 1803 1943 1960 1962 1977 2001 2016 2112 2126 2129 2145 2163 2186 2229 2232 2240 2280 2287 2291 2307 2318 2484 2488 2491 2500 2569 2572 2583 2586 2588 2593 2692 2713 2727 2734 2762 2764 2858 2888 2892 2930 2962 2970 3037 3110 3111 3121 3132 3139 3233 3249 3290 3354 3385 3394 3406 3434 3437 3443 3450 3564 3569 3579 3583 3584 3589 3616 3632 3650 3656 3667 3675 3682 3798 3809 3820 3868 3889 3893 3902 3934 3944 3957 3975 4009 4030 4033 4035 4039 4219 4227 4270 4319 4377 4762 4773 4782 5049 5197 5381 
97 1825 1858 1860 1864 1882 1900 1908 1909 1935 1973 1978 2042 2051 2053 2078 2111 2124 2128 2134 2210 2262 2328 2387 2406 2457 2461 2476 2485 2533 2547 2559 2566 2573 2607 2608 2654 2659 2750 2768 2779 2792 2836 2862 2894 2914 2928 2959 2963 2965 3001 3015 3044 3052 3095 3723 3735 3748 3754 3777 3804 3840 4028 4055 4077 4226 4646 4677 4915 4952 4953 4978 5024 5093 5094 5101 5102 5281 5305 5318 5327 5328 5336 5340 5352 5375 5380 5508 5614 5637 5651 5692 5750 5822 6019 6085 6087 6332 
107 1852 1919 1920 2006 2015 2020 2050 2065 2072 2073 2074 2080 2138 2239 2276 2277 2282 2296 2303 2311 2373 2492 2497 2514 2541 2584 2604 2606 2610 2642 2661 2666 2678 2742 2757 2812 2873 2883 2884 2900 2990 3000 3013 3033 3041 3069 3079 3084 3106 3195 3217 3220 3232 3247 3352 3376 3393 3424 3460 3462 3465 3481 3483 3693 3771 3775 3785 3791 3883 3912 3913 3945 4012 4046 4069 4286 4325 4519 4609 4615 4630 4685 4712 4830 4839 4848 4870 4879 4885 4911 5025 5026 5029 5073 5302 5313 5321 5329 5361 5364 5387 5395 5498 5501 5510 5511 8639 
101 1868 1930 1952 1953 1984 1986 2067 2077 2086 2088 2096 2100 2104 2146 2177 2182 2188 2302 2320 2348 2350 2563 2598 2603 2652 2696 2716 2787 2804 2806 2885 2897 3010 3023 3043 3082 3087 3107 3120 3125 3136 3222 3238 3240 3256 3271 3922 3923 3927 4115 4118 4280 4307 4322 4372 4553 4565 4569 4578 4583 4590 4627 4631 4689 4691 4694 4790 4800 4844 4863 4865 4869 4883 4907 4950 5133 5136 5178 5202 5211 5236 5288 5325 5494 5657 5736 5744 5834 6095 6097 6246 6297 6305 6372 6561 6593 6616 6638 6640 6657 6822 
86 2810 2882 2912 2925 2948 2949 2950 2964 3094 3115 3135 3194 3197 3202 3204 3258 3260 3278 3289 3305 3324 3784 3787 3790 3894 3899 3908 3977 3997 4043 4050 4104 4130 4183 4379 4395 4412 4432 4447 4453 4797 4801 4834 4835 4849 4867 5164 5167 5187 5198 5275 5286 5309 5410 5572 5606 5636 5679 5688 5758 5762 5823 5945 6063 6136 6146 6279 6350 6375 6502 6513 6555 6562 6594 6633 6670 6745 6847 6849 7550 7551 7552 7556 7560 7573 8748 
106 2832 2853 2857 2957 2972 3007 3021 3116 3214 3268 3330 3753 3759 3763 3801 3807 3812 3825 3827 3910 3931 3937 3939 4169 4189 4211 4234 4246 4256 4295 4352 4405 4478 4566 4589 4610 4780 4781 4784 4786 4796 4807 4817 4861 4979 5004 5034 5046 5060 5074 5123 5137 5150 5169 5177 5180 5188 5254 5256 5260 5268 5353 5356 5378 5392 5473 5509 5597 5612 5622 5682 5749 5760 5790 5792 5892 5906 5912 5915 5929 5934 5943 5981 5989 5999 6032 6071 6073 6077 6155 6177 6243 6333 6335 6355 6360 6361 6362 6383 6483 6503 6504 6584 6804 7536 7936 
101 3025 3046 3049 3050 3193 3243 3245 3464 3709 3714 3725 3730 3740 3745 3747 3878 3924 3930 3965 3990 4015 4016 4017 4019 4026 4047 4084 4091 4171 4190 4191 4213 4240 4260 4269 4334 4365 4375 4533 4655 4672 4693 4710 4717 4741 4747 4755 4756 4760 4767 4791 4808 4814 4815 4819 4838 4840 4858 4862 4913 4921 4922 4938 5008 5054 5067 5493 5497 5503 5560 5562 5564 5589 5596 5599 5602 5615 5639 5642 5658 5706 5782 5784 5787 5805 5811 5891 5898 5900 5909 6006 6035 6081 6113 6119 6234 6340 6343 6397 7275 7848 
95 3040 3080 3473 3514 3520 3525 3543 3544 3545 3591 3601 3611 3612 3681 3707 3708 3721 3729 3860 3876 3935 3964 3971 3991 4000 4013 4082 4090 4139 4154 4163 4467 4470 4480 4523 4528 4575 4604 4648 4674 4681 4682 4687 4792 4799 4889 4901 4912 4917 4948 5019 5021 5032 5039 5042 5585 5675 5757 5844 5875 5926 6070 6134 6171 6212 6223 6252 6266 6296 6313 6320 6501 6511 6532 6538 6547 6588 6624 6625 6651 6658 6661 6667 6669 6674 6691 6753 6754 6778 6803 6814 6839 6844 6871 7083 
95 3160 3169 3190 3207 3209 3223 3276 3302 3310 3326 3327 3334 3340 3374 3474 3486 3574 3627 3643 3873 3881 3920 3952 3969 3985 4178 4195 4235 4264 4272 4411 4413 4417 4438 4457 4538 4539 4559 4588 4632 4637 4769 4776 4878 4977 5171 5214 5311 5323 5326 5330 5333 5337 5362 5453 5458 5464 5472 5531 5582 5605 5654 5659 5684 5716 5726 5733 5737 5738 5802 5826 5835 5853 5864 5899 6021 6042 6112 6153 6154 6166 6231 6260 7657 7659 7660 7662 7701 7706 7707 7708 7728 7730 7739 7742 
92 3224 3280 3299 3301 3303 3378 3380 3619 3631 3633 3661 3665 3668 3669 3674 3871 3916 4053 4089 4147 4188 4203 4215 4355 4374 4410 4455 4458 4520 4542 4574 4584 4909 4944 4949 4965 4967 5010 5088 5125 5153 5225 5253 5402 5584 5604 5627 5631 5647 5653 5694 5731 5766 5767 5821 5983 5987 5997 6001 6011 6037 6096 6258 6263 6403 6425 6567 6599 6608 6609 6653 6672 6676 6704 6711 6727 6732 6759 6760 6765 6766 6783 6800 6821 6825 6840 6848 6872 6889 6891 6924 6929 
87 3226 3337 3811 3815 3918 4222 4231 4284 4296 4299 4309 4332 4441 4526 4529 4532 4550 4568 4577 4586 4596 4704 4705 4714 4731 4748 4752 4761 4818 4820 5396 5416 5429 5461 5467 5479 5525 5593 5613 5630 5662 5671 5685 5687 5866 5932 5936 5979 6015 6028 6038 6080 6186 6193 6250 6572 6579 7601 7606 7612 7620 7625 7628 7632 7634 7638 7650 7651 7654 7661 7664 7666 7677 7678 7694 7695 7696 7697 7702 7705 7709 7711 7773 7774 7775 7781 8129 
90 3294 3309 3320 3339 3613 3623 3637 3699 3700 3703 4029 4175 4186 4217 4218 4302 4435 4436 4450 4476 4498 4505 4525 4534 4537 4585 4592 4626 4657 4702 4703 4708 4715 4749 5434 5534 5578 5579 5590 5595 5598 5635 5663 5713 5771 5773 5778 5788 5799 5812 5850 5880 5884 5902 6182 6242 6262 6274 6300 6424 6437 6454 6457 6459 6460 6481 6487 6506 6518 6523 6525 6527 6530 6533 6560 6686 6714 7589 7590 7598 7607 7614 7615 7641 7673 7698 7724 7726 7734 7907 
91 3295 3298 3399 3401 3408 3418 3425 3463 3488 3503 3563 3593 3597 3600 3608 3717 3728 3768 3799 3839 3851 3852 3872 3970 3972 4006 4057 4128 4131 4144 4179 4207 4262 4306 4337 4531 4543 4558 4570 4605 4611 4628 4665 4671 4673 4720 4726 4757 4789 4794 4804 4805 4860 4890 4892 4905 4908 5824 5923 5928 5940 5950 5998 6236 6240 6256 6364 6369 6371 6386 6448 6453 6474 6477 6858 6909 6914 6918 6945 6947 6973 7007 7040 7043 7049 7071 7107 7109 7111 7115 7276 
97 3306 3308 3504 3516 3519 3560 3562 3571 3580 3628 3649 3654 3664 3678 3773 3776 3830 3838 3956 3982 4052 4335 4446 5147 5163 5251 5261 5277 5312 5405 5488 5563 5568 5573 5616 5633 5634 5739 5741 5747 5798 5804 5808 5838 5862 5960 5969 6055 6074 6076 6082 6111 6175 6194 6232 6247 6249 6273 6289 6308 6322 6632 6635 6675 6680 6705 6734 6735 6777 6791 6855 6864 6894 6926 6989 6990 6991 7000 7009 7015 7017 7023 7025 7028 7031 7044 7078 7123 7125 7370 7380 7381 7383 7385 7386 7430 7627 
93 3314 3343 3350 3351 3358 3395 3427 3452 3742 3761 3895 3898 3926 3943 3958 4106 4136 4167 4174 4176 4624 4634 4638 4639 4661 4675 4701 4775 4832 4842 4843 4851 5084 5709 5785 6012 6029 6053 6208 6245 6268 6272 6339 6346 6480 6494 6522 6539 6585 6596 6621 6897 6917 6943 6949 6950 6972 6975 6978 6987 6993 7001 7003 7005 7061 7064 7082 7097 7100 7137 7183 7298 7301 7302 7303 7306 7310 7332 7335 7392 7393 7397 7400 7454 7467 7486 7496 7501 7505 7507 7562 7586 7837 
92 3344 3346 3356 3400 3466 3478 3482 3502 3505 3553 3634 3636 3652 3657 3670 3673 3724 3731 3751 3758 3789 3795 3844 3858 3863 3897 3900 3907 3936 3940 3949 3968 3999 4038 4285 4562 4620 4697 4706 4707 4825 4963 5062 5079 5128 5138 5239 5248 5547 5566 5571 5591 5603 5607 5641 5648 5725 5765 5828 5883 5917 5921 5925 6002 6049 6091 6150 6168 6172 6202 6219 6224 6330 6392 6411 6415 6426 6430 6445 6709 6712 6770 6774 6775 6786 6802 6815 6826 6828 6833 6836 9593 
88 3377 3704 3722 3884 3888 3938 3955 3961 4342 4354 4359 4382 4397 4593 4619 4621 4759 4785 4875 4943 4956 4974 4984 5014 5036 5228 5267 5314 5439 5581 5587 5592 5623 5701 5707 5714 6030 6094 6126 6141 6195 6213 6218 6226 6259 6291 6292 6357 6384 6395 6400 6416 6423 6536 6592 7317 7327 7333 7345 7346 7347 7364 7365 7379 7413 7416 7424 7452 7464 7468 7502 7516 7518 7521 7531 7535 7546 7561 7576 7578 7588 7597 7602 7619 7635 7637 7656 7682 
98 3387 3419 3451 3469 3522 3529 3556 3585 3605 3606 3658 3680 3684 3686 3690 3691 3694 3705 3743 3786 3803 3805 3819 3823 3832 3834 3879 4358 4368 4766 4788 4810 4903 4955 4961 4987 5070 5249 5751 5813 5879 5938 5949 5954 6104 6133 6163 6187 6201 6239 6301 6472 6479 6486 6488 6535 6546 6554 6606 6678 6870 6878 6883 6925 6930 6939 7074 7084 7093 7117 7129 7166 7175 7181 7191 7208 7221 7242 7246 7250 7256 7263 7271 7281 7308 7318 7323 7371 7423 7465 7466 7470 7472 7473 7534 7538 7548 8253 
97 3461 3683 3831 3841 3843 3853 3854 3856 3859 3861 3865 4288 4289 4321 4460 4479 4487 4495 4530 4668 4679 4683 4723 4737 4877 4942 4947 5069 5071 5072 5096 5115 5129 5289 5293 5295 5296 5301 5306 5324 5367 5374 5384 5858 5859 5869 5947 5991 6000 6022 6026 6027 6043 6102 6108 6120 6233 6265 6269 6307 6351 6358 6366 6440 6447 6451 6469 6476 6484 6499 6510 6515 6516 6517 6519 6520 6543 6610 6628 6637 6644 6648 6679 6706 6719 6728 6738 6764 6784 6799 6807 6837 6843 6882 6887 6893 6904 
97 3630 3648 3659 3824 3870 3875 3882 3901 3960 3967 3973 4022 4059 4064 4187 4727 4845 4864 4866 4876 4904 4958 4971 5000 5078 5083 5105 5259 5339 5345 5349 5360 5377 5388 5398 5400 5414 5415 5454 5456 5469 5481 5495 5524 5530 5670 5703 5705 5743 5761 5831 5848 5885 5958 5965 6100 6101 6227 6237 6283 6317 6344 6368 6408 6427 6431 6434 6435 6436 6449 6466 6508 6789 6911 6934 6938 6959 6963 6966 6969 6974 6977 7018 7026 7029 7030 7041 7058 7063 7077 7081 7130 7139 7144 7158 7162 7187 
88 3689 3702 3710 3711 3727 3736 3746 3752 3778 3781 3797 3892 3917 4182 4415 4418 4509 4510 4518 4771 4778 4783 4847 4852 4926 5061 5075 5149 5152 5185 5203 5401 5406 5408 5445 5447 5452 5661 5669 5672 5678 5699 5721 5727 5753 5794 5959 6007 6020 6099 6180 6241 6285 6327 6391 6410 6428 6450 6471 6498 6524 6683 6690 6692 6752 6758 6787 6806 6816 7042 7086 7088 7112 7145 7150 7151 7168 7173 7267 7284 7296 7299 7309 7325 7326 7328 7340 7341 
98 3980 4008 4032 4051 4058 4071 4088 4101 4120 4194 4199 4202 4224 4228 4300 4333 4353 4373 4461 4560 4599 4617 4633 4837 4859 4894 5017 5018 5023 5050 5053 5063 5113 5134 5210 5234 5237 5240 5279 5285 5298 5350 5355 5369 5537 5542 5543 5626 5629 5695 5712 5729 5732 5735 5830 5836 5857 5861 5895 5948 6009 6207 6214 6255 6324 6328 6352 6354 6641 6668 6685 6701 6702 6718 6725 6730 6901 6912 6953 6962 6998 6999 7004 7011 7013 7020 7182 7186 7195 7216 7244 7245 7260 7265 7274 7297 7359 7568 
99 4056 4078 4099 4310 4318 4350 4362 4389 4391 4576 4580 4587 4666 4745 4927 4939 4954 4981 4983 4985 5170 5179 5258 5492 5502 5505 5551 5559 5618 5620 5632 5638 5752 5786 5809 5827 5871 5904 5905 5907 5913 5962 5990 6110 6156 6162 6164 6169 6173 6197 6217 6319 6363 6376 6399 6404 6409 6420 6433 6442 6485 6507 6521 6528 6548 6576 6581 6627 6639 6671 6688 6695 6851 6853 6861 6868 6869 6890 6896 6905 6919 6920 6928 7021 7033 7039 7047 7053 7057 7069 7570 7583 7640 7653 7713 7714 7715 7719 8012 
100 4073 4092 4111 4121 4126 4225 4252 4293 4305 4317 4390 4409 4427 4431 4454 4456 4484 4490 4501 4502 4507 4516 4549 4557 4598 4643 4660 4695 4698 4856 4900 4902 5045 5108 5119 5121 5131 5151 5229 5231 5370 5393 5412 5418 5430 5437 5450 5455 5459 5478 5640 5646 5656 5690 5777 5791 5817 5825 5856 5867 5877 5886 5916 5993 6056 6093 6098 6103 6148 6176 6210 6221 6370 6373 6389 6398 6406 6614 6629 6645 6660 6696 6707 6780 6796 6818 6819 6834 6873 6937 6980 6981 6988 6995 7036 7045 7056 7070 7353 7382 
98 4080 4095 4141 4173 4206 4237 4656 4659 4680 4798 4914 4923 4925 4933 4934 4960 4969 4973 4992 5013 5098 5100 5103 5117 5118 5142 5196 5270 5299 5322 5331 5489 5504 5513 5526 5529 5545 5553 5554 5556 5643 5698 5849 5851 5920 5927 5935 5944 5985 6004 6040 6069 6088 6090 6106 6127 6138 6165 6190 6284 6316 6321 6331 6356 6385 6402 6417 6421 6422 6438 6441 6458 6462 6467 6568 6578 6612 6613 6722 6737 7072 7101 7102 7103 7104 7142 7146 7176 7219 7224 7230 7240 7316 7375 7376 7377 7378 7422 
93 4081 4102 4113 4117 4197 4324 4408 4422 4768 4959 4982 4993 4998 5001 5003 5005 5006 5027 5038 5041 5052 5055 5077 5104 5107 5120 5122 5124 5154 5257 5303 5334 5397 5420 5441 5474 5664 5665 5683 5720 5819 5860 5887 5903 5933 5942 5963 6023 6188 6248 6267 6557 6564 6590 7432 7435 7436 7456 7490 7493 7495 7499 7504 7506 7508 7509 7515 7525 7539 7542 7543 7555 7563 7572 7575 7580 7587 7595 7604 7621 7623 7624 7655 7663 7665 7672 7674 7680 7689 7690 7691 7710 7746 
97 4103 4108 4109 4142 4150 4159 4180 4193 4210 4253 4259 4340 4344 4419 4449 4499 4554 4581 4612 4688 4690 4736 4739 4779 4826 4827 4854 5080 5132 5144 5191 5222 5297 5300 5307 5308 5317 5394 5407 5431 5507 5708 5740 5775 5803 5806 5814 5818 5894 5930 5988 6121 6128 6135 6185 6198 6211 6264 6334 6342 6365 6412 6432 6452 6456 6500 6509 6631 6646 6698 6713 6715 6716 6741 6750 6751 6768 7329 7339 7342 7344 7349 7390 7395 7398 7401 7406 7409 7414 7418 7419 7431 7433 7437 7442 7469 7482 
93 4107 4138 4151 4198 4239 4315 4469 4608 4618 4649 4650 4653 4803 4812 4936 4940 5135 5140 5161 5192 5193 5252 5273 5278 5282 5283 5347 5365 5368 5399 5428 5435 5436 5448 5462 5470 5512 5528 5810 5842 5975 6137 6144 6253 6254 6280 6382 6495 6569 6626 6642 6643 6650 6654 6723 7062 7076 7092 7105 7127 7133 7136 7140 7141 7153 7178 7185 7196 7197 7206 7212 7217 7223 7229 7233 7234 7249 7252 7257 7258 7262 7264 7280 7286 7292 7402 7407 7408 7411 7428 7443 7461 7503 
99 4110 4119 4132 4209 4273 4274 4278 4343 4376 4571 4602 4616 4640 4765 4774 4850 4874 4886 4888 4898 4929 4932 4937 5173 5201 5263 5413 5442 5444 5477 5485 5496 5506 5515 5561 5569 5594 5652 5668 5719 5754 5755 5774 5780 5781 5878 5893 5897 5924 5953 5972 6017 6025 6047 6109 6174 6353 6414 6565 6573 6580 6582 6591 6623 6634 6681 6708 6733 6739 6746 6762 6763 6767 6776 6788 6798 6809 6811 6835 6862 6874 6879 6895 6910 6921 6933 6944 6948 6960 6968 7089 7090 7266 7268 7269 7270 7272 7279 7307 
96 4155 4164 4166 4220 4238 4255 4283 4291 4301 4316 4338 4357 4380 4429 4440 4522 4644 4718 4722 4733 4828 4831 4990 4991 5089 5090 5230 5284 5482 5490 5491 5516 5517 5518 5521 5567 5583 5756 5764 5841 5918 5922 6045 6051 6123 6192 6275 6288 6302 6325 6377 6396 6413 6419 6429 6446 6461 6463 6464 6465 6529 6544 6551 6553 6801 6880 6884 6927 6931 6932 6942 6951 6964 6965 6992 7014 7019 7034 7035 7037 7038 7052 7055 7067 7068 7126 7147 7148 7157 7179 7205 7220 7226 7356 7384 7388 
94 4168 4311 4366 4433 4463 4514 4521 4527 4545 4555 4563 4572 4713 4716 4725 4763 4806 4811 4816 4821 4824 4964 4968 4975 4989 4996 5002 5007 5009 5011 5012 5015 5028 5035 5037 5076 5109 5111 5114 5139 5148 5182 5212 5304 5341 5409 5425 5443 5449 5451 5546 5575 5601 5711 5724 5748 5768 5908 5941 5946 5966 5973 6034 6118 6132 6143 6145 6183 6204 6216 6228 6290 6994 7008 7065 7066 7073 7080 7094 7106 7108 7131 7132 7134 7154 7159 7163 7164 7171 7192 7237 7251 7254 7336 
94 4212 4257 4275 4370 4393 4402 4404 4424 4426 4437 4738 4802 5097 5099 5172 5174 5181 5189 5527 5555 5557 5580 5610 5697 5700 5776 5852 5976 5986 6005 6008 6016 6033 6050 6057 6058 6062 6064 6089 6105 6115 6117 6157 6170 6200 6271 6277 6298 6336 6394 6559 6571 6689 6700 6729 6731 6736 6743 6782 6812 6842 6857 6859 6865 6867 6875 6877 6881 6885 6898 6899 6906 6908 6940 6952 6971 6983 6984 6985 6986 7006 7016 7051 7079 7091 7095 7096 7110 7135 7143 7161 7170 7177 7202 
85 4232 4265 4394 4475 4500 4506 4508 4556 4719 4809 4868 4945 4970 4980 4988 4997 5016 5085 5086 5087 5126 5175 5204 5219 5423 5432 5463 5468 5475 5476 5480 5483 5484 5487 5514 5533 5535 5536 5538 5539 5540 5649 5660 5677 5728 5745 5769 5815 5829 5845 6124 6235 6238 6244 6304 6323 6345 6347 6359 6374 6401 7668 7670 7681 7684 7685 7686 7687 7688 7692 7693 7699 7703 7722 7731 7737 7743 7745 7748 7750 7751 7757 7758 7759 8190 
98 4261 4271 4348 4349 4383 4387 4573 4600 4601 4641 4647 4663 4669 4670 4751 4753 4754 4813 4836 4855 4857 4880 4882 4884 4899 4906 4918 4919 4920 5106 5110 5143 5159 5176 5265 5266 5290 5486 5772 5783 5800 5868 5888 6003 6046 6061 6122 6125 6152 6158 6181 6184 6206 6306 6349 6381 6512 6514 6603 6618 6620 6636 6659 6663 6860 7138 7149 7156 7184 7273 7278 7315 7362 7372 7373 7410 7459 7498 7514 7520 7526 7529 7533 7544 7554 7557 7558 7579 7599 7600 7609 7610 7616 7642 7646 7667 7671 7683 
98 4292 4327 4341 4360 4363 4385 4597 4636 4692 4957 4962 4972 4986 4995 5294 5315 5335 5343 5351 5354 5357 5358 5403 5417 5419 5717 5723 5870 5890 5914 5961 5971 5980 5984 6031 6060 6149 6151 6278 6294 6326 6329 6348 6388 6492 6505 6563 6566 6570 6595 6682 6684 6693 6697 6699 6755 6757 6773 7231 7243 7255 7259 7290 7293 7294 7300 7305 7311 7312 7330 7334 7337 7338 7343 7350 7352 7354 7358 7367 7369 7389 7405 7441 7451 7455 7457 7460 7477 7478 7513 7524 7569 7593 7594 7613 7618 7645 7787 
96 4314 4323 4339 4347 4481 4483 4515 4517 4536 4540 4547 4699 4700 4999 5040 5043 5044 5051 5064 5186 5194 5199 5206 5207 5223 5232 5310 5320 5363 5519 5523 5570 5586 5617 5650 5673 5696 5734 5779 5789 6052 6066 6075 6167 6189 6191 6199 6281 6314 6315 6338 6390 6490 6491 6493 6541 6542 6545 6574 6601 6615 6617 6622 6652 6656 6742 6749 6756 6808 6810 6832 6852 6856 6863 6866 6886 6888 6907 6936 6954 6955 6957 6961 6982 6997 7002 7012 7022 7024 7027 7114 7120 7124 7128 7571 7648 
101 4330 4361 4496 4497 4625 4728 4735 5092 5130 5141 5146 5155 5183 5217 5224 5227 5235 5385 5386 5389 5460 5466 5471 5532 5549 5624 5625 5702 5889 5910 5911 5919 5964 5978 5982 5994 6010 6059 6107 6129 6147 6161 6286 6380 6537 6556 6604 6785 6830 6850 6892 6902 6913 6956 6958 7010 7059 7075 7085 7087 7098 7113 7116 7118 7119 7121 7122 7152 7174 7213 7214 7421 7444 7445 7450 7479 7483 7488 7491 7494 7512 7559 7564 7565 7577 7581 7582 7585 7596 7617 7633 7636 7718 7723 7732 7733 7735 7736 7738 7740 7741 
97 4367 4369 4423 4658 4895 4928 4935 5048 5056 5057 5058 5066 5068 5081 5082 5095 5116 5208 5209 5238 5272 5276 5287 5344 5348 5366 5565 5655 5674 5759 5770 5807 5939 5952 5967 5977 6014 6024 6065 6084 6160 6318 6662 6665 6710 6781 6790 6794 6795 6805 6831 6845 6854 6900 6903 6941 6970 6976 6979 6996 7032 7046 7048 7050 7054 7060 7099 7155 7160 7167 7172 7180 7190 7209 7210 7211 7248 7253 7289 7304 7314 7321 7322 7360 7361 7387 7391 7394 7396 7399 7403 7438 7439 7449 7458 7462 8382 
98 4607 4946 5158 5205 5465 5576 5577 5611 5645 5693 5710 5832 5863 5872 5873 5874 5876 5882 5937 5956 5957 5968 5974 5992 5995 6013 6203 6251 6257 6293 6303 6311 6312 6473 6475 6540 6549 6552 6586 6602 6605 6611 6687 6717 6720 6771 6813 6829 6838 6841 6876 6916 6922 6935 6946 6967 7188 7189 7193 7194 7198 7199 7204 7218 7222 7227 7228 7232 7236 7239 7241 7283 7288 7313 7348 7355 7357 7366 7368 7420 7425 7426 7427 7429 7440 7453 7475 7605 7608 7622 7626 7630 7631 7643 7712 7727 7744 9999 
91 5220 5269 5271 5319 5332 5342 5548 5552 5574 5609 5619 5644 5666 5676 5686 5704 5715 5718 5722 5742 5820 5837 5839 5865 5881 6086 6114 6130 6139 6179 6295 6309 6337 6378 6531 6534 6550 6558 6575 6583 6589 6597 6598 6647 6655 6673 6677 6694 6703 6724 6744 6747 6748 6769 6779 6792 6797 6817 7261 7285 7291 7448 7471 7481 7485 7487 7497 7510 7511 7522 7523 7527 7528 7530 7553 7574 7629 7647 7649 7658 7669 7675 7676 7679 7700 7704 7716 7717 7720 7725 7729 
81 5244 5359 5390 5411 5422 5433 5520 5522 5541 5550 5558 5600 6018 6054 6142 6230 6276 6299 6310 6387 6393 6407 6418 6439 6443 6470 6482 6489 6496 6497 6619 6649 7200 7201 7207 7412 7417 7447 7463 7476 7480 7484 7492 7517 7519 7532 7537 7540 7541 7545 7547 7549 7566 7567 7584 7592 7603 7611 7639 7652 7747 7749 7752 7753 7754 7755 7756 7760 7761 7762 7763 7764 7765 7766 7767 7768 7769 7770 7771 7772 8641 
89 5371 5379 5382 5391 5499 5500 5621 5628 5680 5681 5689 5691 5793 5795 5796 5797 5833 5840 5843 5846 5847 5854 5896 5901 5931 5970 6072 6079 6092 6116 6196 6205 6220 6261 6270 6282 6287 6341 6367 6379 6405 6444 6468 6478 6526 6577 6587 6600 6607 6630 6664 6666 6721 6726 6740 6761 6772 6793 6820 6823 6824 6846 6915 7165 7169 7203 7215 7225 7235 7238 7277 7282 7287 7295 7319 7320 7324 7331 7351 7363 7374 7404 7415 7434 7446 7474 7489 7500 7644 
