9 688 714 1714 2514 2588 2710 3278 3516 4330 
7 67 704 1130 1193 1248 5341 5780 
11 615 744 943 1765 1782 2275 2533 2857 5857 6820 7034 
7 219 651 925 1706 2139 3152 6087 
6 245 867 3620 4952 5212 6301 
4 270 899 1301 5330 
10 240 1010 1051 1225 1731 2106 3912 4154 4822 7093 
6 507 958 993 1537 3532 4900 
8 536 1009 1191 1397 4224 5047 5566 6416 
11 83 525 829 912 1124 1228 2755 3405 3915 4164 6290 
5 107 467 919 1698 4259 
10 380 448 666 1477 2005 2186 4035 4652 5885 5937 
6 57 374 1869 2843 3881 4360 
5 680 2105 2111 3717 5815 
6 2 32 520 1243 3548 5747 
11 620 995 1178 1227 1811 1980 2568 2932 3489 6528 6546 
5 388 583 787 853 4780 
8 104 665 695 936 2032 2703 4277 4524 
7 55 735 908 2137 2182 4661 6823 
7 450 548 1007 2522 3463 4068 6086 
8 337 580 693 1285 1351 5444 5924 6596 
11 604 633 656 876 2904 3511 4727 5537 5668 6274 7724 
5 6 192 873 1299 7050 
9 16 280 512 935 976 1539 3513 5807 7174 
7 289 1020 1078 3060 3544 4587 5906 
4 142 835 3271 4924 
10 386 621 1088 1337 1915 2072 2463 2547 3574 4654 
5 118 1002 4448 4681 6325 
7 428 815 1186 2197 2556 3752 3879 
5 605 777 1276 6982 7992 
4 133 1719 2308 6675 
4 5 208 6380 7398 
7 347 552 2320 3570 5214 6364 6607 
4 105 469 2392 6306 
5 176 1044 2027 3728 7026 
8 14 188 871 1368 2099 4211 4832 6247 
6 210 445 1192 1519 5944 7066 
11 29 153 626 861 1893 2164 2203 4578 4986 5867 6990 
9 69 954 1612 2073 2621 3110 3509 5125 5226 
10 159 807 1203 1332 1642 2086 3173 3417 6331 7929 
10 236 1456 1603 2404 2977 4284 5106 5528 6423 7453 
10 433 438 2269 2329 3317 4323 4794 5562 5894 7378 
5 195 213 290 4682 6640 
8 271 968 1415 2901 3131 5067 5348 7755 
5 671 3263 3455 6459 6538 
10 10 193 480 962 1058 1131 1384 2689 4406 5256 
7 41 48 564 1772 2670 3232 7157 
4 171 442 538 698 
9 8 267 383 1236 1729 1925 2175 2234 3063 
7 226 436 625 765 3519 3737 4766 
7 702 764 970 971 1158 1458 4412 
6 202 1156 1303 1450 1499 4821 
5 218 511 2264 3172 6844 
10 211 274 1595 1623 2813 4686 4991 6036 6723 7113 
5 352 3062 3928 4929 4998 
6 108 318 1235 4091 5539 9907 
7 58 116 1253 2002 2301 3602 5025 
11 427 543 918 1690 2124 2504 2866 3512 4555 5572 5787 
10 413 529 789 987 1169 1553 1649 3151 3276 4006 
13 212 258 755 1102 1113 1170 1426 2466 5014 5221 6040 6318 8062 
10 81 387 414 953 1403 3808 4641 5251 7009 7224 
7 53 404 608 1831 2431 2574 7090 
9 15 216 579 820 1615 2082 3611 4065 4763 
10 158 441 1449 1724 3022 3322 3682 4674 4893 5578 
8 522 1032 1295 2096 4070 4669 5343 6501 
6 248 756 827 2288 2839 3751 
6 184 497 1439 4734 5298 6119 
10 97 371 909 1747 2350 3477 3723 5297 6790 6900 
10 503 761 813 1268 1410 2246 2832 2911 3539 5126 
7 304 346 1650 2218 4359 6617 7142 
10 214 1110 1120 1260 1361 1470 1611 2433 2714 3678 
6 283 477 2097 3125 4204 6773 
6 40 160 660 1310 2660 3345 
5 418 610 920 1033 1543 
5 307 373 741 780 4098 
6 421 483 2521 3217 3727 5919 
13 524 645 676 701 1109 1159 1344 1380 3069 3104 3868 6658 6951 
7 382 681 709 792 800 1399 3197 
5 27 256 855 3127 3571 
6 771 847 3830 4444 5847 6461 
9 570 662 1060 1134 1469 4374 5466 5791 7212 
7 602 1538 4212 4759 5086 5728 6386 
6 316 746 988 1304 2155 3781 
12 249 598 752 1622 2520 3091 3354 4492 4612 4858 5035 5781 
9 517 537 1762 2278 2531 2794 2826 5935 6027 
9 60 1277 1752 2377 3411 3852 4022 4861 7387 
4 88 627 1693 5892 
6 498 653 1090 1571 2410 6295 
8 179 554 1242 2744 3560 6324 6756 7397 
9 22 541 607 717 1808 2883 3233 4534 6915 
10 196 321 927 1107 1325 1383 1419 1635 3298 3953 
10 235 317 515 574 2183 2989 3355 3401 4493 8130 
7 398 487 1115 1302 2625 5168 7184 
6 514 561 1590 1730 2616 7770 
9 31 165 231 2511 2646 3219 3716 6289 6333 
8 39 544 984 1767 4303 5813 6158 7114 
7 113 157 2136 5834 6555 6626 6732 
11 99 586 857 3001 3680 3699 3919 4778 6054 6791 6912 
6 323 505 1530 2172 4676 5207 
6 127 199 619 1835 4529 4738 
7 572 1292 1575 1610 1646 1921 6413 
7 473 834 911 1059 1389 1510 1688 
8 238 311 846 1482 3552 3592 3719 5765 
11 137 243 470 1713 1966 2748 5050 5437 5583 6462 6944 
8 410 419 1728 2408 4399 6021 6715 7219 
5 250 275 851 5740 6328 
11 38 375 437 471 833 1097 2495 3481 3738 3918 5225 
4 135 534 2488 5476 
11 230 634 1062 1069 1309 1395 1489 1671 2811 6172 7214 
3 367 2313 4848 
4 478 547 549 1315 
9 222 996 1262 1866 2612 3380 3479 5452 7140 
9 389 635 687 819 1448 1761 2372 2460 2918 
9 260 629 647 838 1853 3971 4792 4828 5841 
8 131 888 1092 1261 1857 2309 5523 6747 
12 353 674 745 893 1025 1112 1144 1398 3527 4770 4826 5688 
5 563 565 1341 2809 6681 
7 126 612 1345 5210 5604 6483 6720 
6 47 122 306 1291 1608 3135 
10 119 397 779 1013 1104 1476 1786 5584 5959 7328 
11 328 733 802 1014 1373 1508 1527 2236 3916 5797 6667 
10 223 679 831 981 2015 2304 2419 2457 3006 7548 
15 90 197 268 737 769 1096 1114 1320 1987 2323 4462 4945 5166 6466 7153 
8 482 1442 1675 2902 3385 3534 3582 4440 
9 190 390 758 1471 1626 3242 3821 4663 5211 
10 140 542 1324 1431 1440 2250 3070 3095 3361 5133 
4 187 809 922 3909 
7 432 1545 2915 4739 5497 6611 6988 
9 699 739 795 875 994 3780 3932 4876 6018 
5 125 2798 4159 5420 6282 
4 225 263 637 678 
6 161 1142 1349 1680 2348 3183 
5 405 1784 2312 2651 4310 
8 518 731 812 887 1098 1111 1689 3937 
8 141 2283 2686 3160 4205 4944 5237 7092 
5 73 657 2494 3741 7321 
7 205 1827 2087 3825 5172 5724 6688 
7 49 1084 2036 2587 3314 6177 6860 
8 403 1557 1639 2332 3410 3442 6377 6908 
5 106 430 1783 6464 6542 
5 144 209 2834 3553 4026 
3 315 1503 2296 
7 457 684 720 1196 1311 2381 5276 
7 145 557 939 1985 4319 5090 6210 
6 100 540 750 6102 6166 6767 
5 409 1083 1244 1995 5469 
6 372 2960 3533 4709 5754 6262 
6 110 824 3093 3960 4539 4985 
6 399 910 1670 4208 4992 5255 
11 359 510 581 1157 2384 2445 3446 3660 4409 5291 7280 
8 329 366 2972 5350 5697 5856 6486 6880 
7 526 2008 4167 4217 4798 4964 5568 
6 96 308 1015 1549 2025 3304 
5 365 2230 3828 4043 6904 
6 147 767 772 915 2131 2647 
9 488 658 1034 1239 2031 2207 3331 3929 4591 
5 532 869 1441 2739 5231 
5 13 338 736 1701 5524 
8 61 451 479 1521 2110 4316 6317 7425 
9 273 530 1290 1764 1817 2447 2489 4416 7087 
5 146 453 1005 4324 5021 
8 70 1251 1490 1753 2291 2929 3412 6453 
6 111 339 376 1829 2550 6631 
9 348 1055 1555 1750 2254 2807 5286 5778 7408 
7 35 708 946 1094 1212 1491 7082 
9 277 804 874 1660 2199 2757 5013 5670 7802 
8 30 523 654 845 2083 4053 4305 6657 
7 66 1173 1305 1803 2159 3169 3907 
8 28 944 1024 1401 2076 4281 4366 5762 
9 183 301 566 707 1075 1672 3246 3366 5082 
7 54 734 1166 1533 1796 2045 2394 
9 533 990 2666 2814 3460 4456 4891 5144 6989 
11 170 748 837 951 1093 2242 3192 3750 6255 6777 6947 
8 484 490 555 724 1718 1986 2344 3756 
7 298 362 791 955 1443 6653 7287 
6 582 672 1209 4133 5884 6412 
7 264 775 891 1211 3631 3927 7679 
10 449 616 1387 2163 4282 5015 5217 5247 6315 6816 
7 103 2101 2800 3142 3188 3336 5372 
6 426 885 3021 3088 3805 4548 
7 703 842 1000 1916 2620 5171 6063 
4 166 668 675 4481 
4 174 1222 3598 7392 
8 201 726 727 1288 4318 4996 5151 5175 
6 435 743 1891 5601 5825 6359 
8 519 573 1053 1133 1164 1405 4097 5245 
9 65 472 768 1501 1504 1613 5064 5552 6449 
4 464 1375 1460 5553 
7 335 1342 1357 2209 2315 2652 5302 
8 269 358 934 1585 3376 5216 5246 6019 
12 143 1149 2169 2655 2803 4506 4840 5101 5622 6287 6959 7336 
4 370 452 646 1335 
5 198 224 1830 2040 6550 
7 468 2245 2484 3733 4384 4684 6347 
12 56 603 926 1216 1334 1488 1910 3037 3558 3634 4315 4960 
7 154 725 1199 2247 4671 6517 6695 
5 20 71 377 1432 7352 
7 37 155 2439 4387 5612 6272 6586 
7 336 425 4486 4557 5331 5644 5939 
6 320 2982 3014 3779 5616 6311 
11 78 1327 2515 2774 3163 3543 4458 4639 4659 6267 7377 
6 72 400 2681 4697 6748 6827 
7 180 613 2781 3540 5401 5433 6443 
7 36 98 594 906 3066 4363 5174 
4 355 3390 4484 4805 
4 718 839 5615 5851 
5 82 261 334 1167 3980 
8 92 319 643 1195 1516 2557 2731 2865 
6 312 587 1108 1326 1556 1696 
9 395 697 783 1194 1517 5425 6165 6729 6780 
11 340 378 455 652 1815 2773 4079 4320 6761 6856 7086 
6 485 832 883 1250 4210 7600 
3 237 440 2561 
9 285 799 1101 1378 3004 4273 4762 4999 7291 
6 278 1054 1876 1937 4580 6745 
7 284 481 823 3261 3653 5275 5412 
8 333 401 694 1352 2354 3451 3662 6941 
6 9 297 1447 1465 2185 6341 
5 134 945 1577 1751 7641 
9 241 682 711 782 814 2745 5410 5547 6840 
8 642 751 1573 1852 2052 2584 3525 6178 
8 591 1838 1964 2887 3536 3939 5977 6986 
4 244 460 858 1839 
5 324 826 1687 2303 3260 
10 85 415 1683 2181 2471 2502 2746 3757 4550 7202 
8 207 431 1929 2010 4713 4846 5028 7011 
4 177 3174 5004 7964 
6 232 818 1354 1882 2693 5112 
8 132 757 999 1256 1427 1604 2950 3783 
6 599 669 949 1050 1972 5673 
8 229 1067 1197 1860 1978 4559 6770 7000 
8 128 546 560 696 1079 1601 4498 6569 
7 282 559 1066 2145 3367 4497 6278 
9 138 255 576 592 2065 2906 4844 6239 6332 
9 228 1105 3296 3430 4111 4561 4564 6967 8248 
5 393 1414 3282 5098 5745 
10 163 1106 1645 1851 2103 3817 5036 5930 6174 6934 
12 713 770 828 890 977 1136 1748 1989 2480 2617 2820 5657 
5 206 685 2066 2272 3989 
6 101 475 840 2476 2639 2963 
8 175 640 811 2663 3297 4474 5691 7621 
10 690 788 797 892 1099 1602 2442 3250 4257 5732 
5 305 790 1071 1616 7870 
7 600 998 1073 1223 2038 6583 6948 
5 550 606 3431 5756 6506 
7 296 1464 2214 2390 6566 6920 7213 
6 368 677 1475 4541 4816 6294 
12 443 747 848 972 1038 1317 2985 3334 3363 3648 4422 4430 
7 34 94 286 722 1561 4155 5926 
9 486 588 786 2752 2754 5430 6074 6205 6851 
9 279 496 531 1581 1998 2592 3651 4383 5183 
6 350 590 1568 2537 2830 5284 
4 521 663 966 4781 
10 45 265 412 923 1205 1873 3559 4886 5159 5543 
8 655 1457 1582 2064 3480 3718 5344 7119 
8 64 239 1229 1871 2978 6373 6744 8030 
12 300 494 938 1163 1759 1975 2059 3003 3077 3612 4355 6041 
11 499 638 730 978 1904 2213 3346 3483 4586 5502 6124 
5 93 476 489 1888 5928 
6 17 641 723 1548 3486 4918 
8 172 181 776 1278 2675 3097 4528 5886 
10 492 577 933 989 1241 1366 2518 6133 6541 8366 
8 220 759 1118 1145 2143 2695 6434 7085 
12 24 59 1525 1743 2637 2700 2964 3109 4246 4629 4956 6070 
3 292 3165 4348 
10 630 803 1129 1897 1965 3158 3905 4660 4978 5441 
4 314 2483 2656 3681 
11 384 623 843 879 896 1319 1479 1633 2976 4297 4920 
8 129 1189 2707 4113 5322 5413 6337 7460 
9 215 1132 1425 1679 2138 2877 4678 5065 5535 
5 51 102 330 4847 4958 
8 659 961 2261 2451 2776 4192 4927 7890 
3 363 2095 6026 
7 25 343 1621 2252 5680 6127 7056 
4 354 458 1569 7445 
12 491 763 901 952 982 2357 2549 2570 2922 5398 6385 6519 
13 203 1148 1336 1392 2429 2890 3765 4707 4871 5428 5669 5755 6786 
6 257 361 1377 2212 6468 6707 
10 295 509 983 2054 2554 2571 3766 5571 5808 6504 
6 148 661 850 948 4970 5970 
7 79 1855 2305 2698 4028 4442 6837 
9 272 474 553 784 4197 4685 5619 6834 7023 
6 89 506 3588 4000 5052 6003 
10 74 1523 1858 2255 2306 2690 2931 3987 5758 5987 
3 364 3239 4749 
13 115 149 1175 1219 1455 1939 2679 2779 3326 3838 3862 4760 7120 
6 156 1737 2050 2151 2414 2562 
10 299 385 585 1640 1958 2080 2369 2581 5840 5946 
6 252 611 1023 2256 5649 6150 
7 556 689 1161 2682 3137 3684 4446 
5 23 369 461 2166 7250 
8 624 631 877 940 1247 4146 4988 6149 
6 456 551 715 3726 5242 6213 
10 303 584 1275 1773 2267 2725 3358 4093 4209 5094 
8 191 465 1123 1391 1656 2513 2872 4016 
5 266 639 754 1293 4767 
6 247 345 753 5340 5595 5625 
9 716 740 1037 1263 1732 2009 4114 5974 6048 
14 291 568 649 1064 1703 2029 2063 2360 3858 5167 5259 5268 6402 6495 
2 593 4255 
7 394 947 1160 1673 2854 5478 6813 
4 44 302 1825 6679 
6 152 162 2251 2396 4296 7200 
4 357 3243 4515 6712 
8 18 86 1137 3596 4191 4245 5034 5061 
11 204 434 545 852 3309 3677 4096 5203 5287 6350 6728 
10 463 941 1162 1220 2428 2680 3613 4337 5077 5934 
4 130 575 738 7225 
7 150 528 1063 1606 2200 4465 5605 
6 63 1346 2560 3973 4289 5844 
8 185 965 1238 1567 1576 1988 5587 6323 
9 293 406 614 3654 4380 5029 6144 6562 6694 
7 62 1792 2127 2265 3042 3999 4633 
3 182 1119 4531 
11 26 294 501 806 1249 3159 4152 4728 5140 5550 6822 
7 19 332 424 1930 3663 5083 7678 
5 535 670 1935 2055 2074 
4 200 3955 5066 5877 
6 42 578 986 2470 2953 6126 
8 344 622 900 2225 2685 6067 6253 6812 
6 52 889 1487 4859 5631 6231 
7 242 597 1008 3396 4335 4388 5768 
8 327 798 816 2435 2684 3640 3845 7018 
7 123 1500 1624 1736 1814 2507 3072 
8 253 416 1547 3823 4913 5349 5790 5940 
7 112 446 963 1141 3555 4395 7379 
7 360 516 760 1540 2750 3503 5279 
6 136 732 762 5932 6129 6659 
13 120 878 882 1070 1087 1245 1356 1993 2058 3414 3703 4614 5097 
9 454 721 793 913 2589 2956 3085 6499 6833 
4 233 884 4382 7951 
10 43 508 569 781 937 3164 3178 5529 6473 6958 
8 262 805 1330 2423 2558 3778 4604 4849 
8 189 683 1122 3099 3437 3710 3833 7199 
6 407 2053 2399 2751 4140 5599 
3 341 567 859 
6 785 817 822 1833 2210 4890 
6 309 408 462 773 1085 3665 
5 114 178 1597 2351 6785 
8 310 1270 1318 2149 2438 4501 4628 4687 
6 326 439 1174 1927 2437 4923 
5 288 895 2762 5096 7843 
5 636 648 914 3265 4968 
6 493 868 921 924 1984 4810 
7 618 950 1183 1282 1385 5861 6088 
3 76 80 5306 
6 50 351 3248 3515 4801 7727 
6 167 1091 3517 4705 5482 6575 
5 186 571 1048 1801 2104 
4 349 1328 5824 5967 
10 251 259 700 1339 1778 2034 2601 2786 6033 7444 
13 21 417 558 975 1252 1461 2112 3849 4656 5154 5965 6219 6600 
3 466 601 2281 
6 77 2497 4787 5638 6387 6978 
7 342 396 650 3071 3107 4565 5010 
7 234 1150 1614 1629 4793 5024 6430 
5 168 866 1723 6544 7036 
6 221 246 705 4723 5108 6395 
12 609 686 872 2123 2195 2421 2542 3443 3671 3689 5240 6788 
6 121 429 1421 2999 6419 7820 
4 75 1350 3914 4525 
3 539 6848 9600 
8 596 667 749 960 2196 2914 6660 6901 
4 68 959 1218 6604 
5 500 595 3059 3742 5265 
6 691 1233 1272 1889 3386 5200 
9 411 527 894 1420 2605 2636 3257 4222 7149 
7 420 729 778 1520 2004 2317 4666 
9 287 1126 1854 3264 3656 3883 4090 4549 6632 
4 673 969 3023 4171 
13 124 712 1234 1371 1506 1806 1922 2782 3404 4300 6307 6620 8113 
3 502 4274 6097 
6 84 254 3735 4304 4757 7220 
7 33 281 917 2512 3789 4755 6602 
5 447 706 1739 3224 6798 
15 356 617 632 766 904 1127 1702 1818 2383 2806 3782 3979 5483 5579 7192 
9 151 381 392 692 907 1396 2727 2995 6857 
12 7 139 227 1596 1960 2443 3590 3745 4511 5249 5774 5888 
5 109 459 3667 6896 7915 
9 95 217 719 1279 2352 4104 5600 6007 6292 
10 4 46 173 194 808 1408 2837 2997 4464 5786 
10 710 794 830 856 886 3426 4112 4883 5954 6949 
8 562 742 1040 1147 2326 4269 5656 5955 
7 164 942 2193 2208 2635 2756 5049 
7 91 402 422 1171 4015 6162 6424 
8 325 664 728 4583 5155 5777 6009 7588 
4 628 903 1204 2021 
9 379 1138 1246 1715 1992 3947 3977 6001 7201 
10 589 985 1089 1125 1412 2295 4328 4417 4495 7513 
8 313 644 1039 2019 2478 3266 3399 3990 
9 504 1003 1004 2028 2934 2994 5272 6480 7033 
6 495 2221 3593 5736 6456 6888 
5 169 2150 3456 4247 5069 
8 444 865 997 1121 1266 1372 1574 6320 
7 12 87 2345 3225 4063 4397 6488 
8 331 774 864 1103 1898 2322 4011 7094 
9 513 1086 1213 1791 2385 2595 2847 2880 7627 
7 276 423 932 1269 2506 3002 4632 
8 117 1367 1666 1822 2093 3240 5457 6220 
3 322 391 1908 
