74 2 3 20 62 332 360 1385 1475 1698 1710 1865 1903 2036 2227 2367 2832 2842 2971 3112 3263 3358 3475 3554 3570 3622 4380 4386 4429 4536 4582 4733 4869 5054 5078 5096 5147 5350 5610 5657 5716 5831 5943 5956 6068 6249 6410 6445 6561 7137 7349 7419 7488 7511 7632 7819 7895 7994 8017 8118 8205 8449 8562 8654 8743 8812 8916 8928 9219 9332 9394 9557 9636 9644 9978 
62 5 43 49 52 128 343 418 522 906 916 957 1268 1303 1841 2084 2149 2390 2754 2776 2907 2938 2950 3048 3102 3180 3231 3690 3818 4189 4208 4234 4403 4416 4518 4692 4840 5084 5148 5151 5246 5700 6424 6462 6692 6859 6913 8419 8455 8529 8545 8705 8798 8910 9230 9473 9585 9623 9625 9789 9799 9821 9921 
72 6 9 15 168 581 592 679 750 1159 1246 1344 1350 1410 1625 1752 1783 1798 1926 2123 2129 2132 2402 2427 2601 2750 3275 3276 3803 4170 4251 4294 4352 4612 4626 4669 4838 5156 5166 5289 5353 5626 5914 5941 6070 6118 6229 6310 6325 6397 6722 6728 6890 6912 7075 7076 7166 7236 7358 7489 7499 7506 7837 8179 8183 8246 8266 9001 9033 9068 9177 9779 9916 
67 11 47 53 59 356 381 509 601 709 900 962 1091 1121 1319 1329 1362 1418 1956 1958 2186 2271 2276 2355 2370 2401 3248 3289 3361 3404 3539 3831 3915 3977 3998 4023 4166 4250 4313 4537 4542 4574 4803 5005 5043 5429 5465 5573 5574 5695 6199 6212 6262 6393 6500 7123 7246 7269 7412 7641 7798 9567 9705 9738 9772 9898 9965 9972 
55 12 25 30 486 550 643 1188 1323 1367 1489 1516 1775 1836 2843 3317 3365 3679 3745 3791 3794 3836 4047 4281 4288 4385 4905 5395 5966 5967 5986 6089 6251 6268 6344 6995 7085 7159 7297 7369 7693 7852 7868 7950 7978 8288 8306 8693 8713 8778 9271 9522 9619 9666 9747 9811 
57 13 17 19 22 32 41 190 476 573 820 930 1022 1093 1401 1409 1553 1556 1629 1635 3188 3233 3402 3488 3520 4034 4192 4335 4382 4479 4564 4769 5064 5431 5570 5591 5825 6101 6105 6472 7169 7611 7645 7845 7982 8244 8452 8487 8576 8736 8846 8918 8934 9074 9222 9335 9851 9855 
82 16 18 26 132 461 538 564 599 1002 1049 1190 1435 1728 1759 1878 1917 2102 2135 2172 2175 2215 2283 2332 2570 2682 2706 2844 3176 3333 3431 3434 3442 3458 3496 3558 3684 3894 4122 4266 4276 4804 4847 4996 5409 5427 5539 5576 5780 5921 5936 6538 6593 6783 6787 6811 6860 7040 7141 7406 7515 7616 7617 7663 7667 7782 7917 8264 8396 8404 8534 8966 9009 9147 9152 9235 9380 9393 9559 9606 9629 9895 9983 
52 21 28 34 139 389 536 551 882 934 1017 1109 1151 1202 1210 1213 1312 1331 1563 1750 3052 3166 4351 4469 4643 5428 5444 5483 5691 5727 6046 6206 6260 6457 6468 6512 6621 6889 7019 7734 7787 7941 8867 8890 9005 9101 9151 9188 9618 9669 9737 9848 9994 
54 24 35 37 104 126 452 656 698 981 1009 1034 1106 1108 1333 1424 1502 1506 1681 1739 1753 1896 2304 2365 2381 2397 2664 2686 3232 3309 3329 3377 3732 4222 4262 4619 4652 4802 4870 5228 5250 5307 5419 5547 5563 5903 5993 6093 6138 6178 7104 9318 9829 9896 9953 
81 29 31 76 170 172 227 403 431 511 590 806 951 1032 1054 1214 1311 1376 1542 1585 1843 1859 1871 1929 2071 2308 2498 2545 2658 2712 2726 2900 2981 3014 3074 3505 3515 3685 3755 3788 4211 4217 4219 4307 4410 4762 5330 5334 5341 5347 5487 5502 5840 6276 6691 6700 6710 6978 7001 7009 7031 7403 7467 7472 7729 7887 7891 8223 8339 8558 8579 8616 8779 9190 9258 9336 9412 9425 9703 9780 9835 9990 
82 36 38 42 44 68 82 443 449 603 717 917 1033 1035 1141 1178 1252 1316 1436 1644 1765 1861 1963 2126 2243 2302 2331 2454 2458 2509 2542 2585 2721 2942 2945 3050 3135 3138 3328 3334 3338 3420 3429 3568 3604 3611 3673 3989 4481 4499 4570 4604 4812 4832 4999 5052 5285 5318 5882 6060 6116 6228 6355 6569 6775 6824 7006 7762 7807 7848 8148 8198 8235 8318 8385 8781 9082 9520 9615 9641 9753 9935 9984 
61 39 64 79 212 688 746 856 943 966 972 1018 1096 1184 1263 1265 1394 1428 1565 1566 2908 3020 3093 3115 3119 3124 3483 3584 3632 3744 3899 3916 3925 3979 4021 4876 5106 5213 5218 5220 5339 5694 6499 6568 6629 6751 6887 7069 7134 7152 7327 7357 7481 7600 7620 7767 8621 8661 8895 8923 9226 9863 
69 40 50 51 54 93 160 668 701 727 774 946 955 1291 1308 1493 1545 1651 1692 2028 2680 3089 3103 3354 3397 3412 3513 3528 3530 3873 3927 3966 4087 4145 4161 4167 4701 4753 4917 5082 5379 5445 5916 5977 6076 6114 6230 6321 6460 6467 6525 6572 6653 6663 6772 6886 6888 6927 6959 7332 7675 7809 7860 8808 8970 9264 9330 9678 9745 9884 
73 45 60 65 89 531 676 776 1127 1172 1197 1364 1490 1534 1640 1643 1719 1940 2183 2185 2212 2474 2526 2547 2944 3216 3731 3750 4447 4843 5375 5618 5726 5855 6143 6181 6358 6384 6402 6422 6518 6580 6931 7156 7190 7257 7399 7441 7458 7595 7603 7706 7716 7722 7880 8045 8071 8111 8146 8328 8463 8590 8677 8696 8702 8835 8837 8943 9103 9268 9480 9525 9877 9910 
63 55 80 113 148 318 425 463 841 1223 1653 1707 1732 2005 2023 2083 2199 2494 2661 2668 2727 2885 2956 3173 3268 3283 3395 3544 3634 3687 3693 3928 4308 4451 4535 4730 4854 5160 5361 5466 5692 6599 6740 6741 6901 7240 7348 7401 7649 8150 8363 8442 8458 8497 9027 9072 9181 9287 9403 9549 9594 9775 9807 9942 
51 56 61 225 276 278 284 673 1555 1591 1718 2108 2219 2305 2628 2641 2675 2707 2928 3054 3165 3213 3269 3381 3416 3459 3498 3736 3834 4066 4310 4348 4600 5059 5212 5414 5504 5556 5837 6356 6364 6695 6840 6893 6999 7330 7411 7453 7456 7969 7972 8234 
60 58 66 74 92 261 376 385 475 969 1047 1266 1287 1667 1688 2013 2046 2176 2326 2329 2466 2779 2822 2896 2917 3091 3096 3697 3793 3846 3961 4533 4549 4642 4706 4807 4921 5186 5351 5440 5582 5723 7299 7333 7407 7639 7732 7854 8027 8108 8109 8249 8256 8352 8424 8699 8720 8800 8852 8897 9250 
61 63 67 91 124 492 587 616 633 840 866 1138 1228 1241 1396 1454 2070 2316 2364 2388 2762 3131 3243 3312 3321 4044 4085 4488 4557 5476 5534 5729 5747 6161 6509 6578 6760 6880 6950 6964 7192 7217 7413 7527 7648 7684 7756 7776 8161 8360 8480 8634 8655 8841 8857 9150 9216 9343 9622 9691 9889 9957 
69 69 71 77 95 138 176 182 705 752 787 893 908 945 1217 1281 1299 1383 1447 2021 2030 2190 2242 2362 2513 2717 2723 2724 2919 2970 3134 3197 3579 3631 3663 4274 4311 4325 4450 4555 4675 4751 4768 5012 5124 5495 5609 5913 6091 6132 6259 6444 6970 6996 7011 7151 7165 7317 7350 7502 7643 7824 7902 8084 8107 8199 8332 8418 8757 9946 
63 70 78 117 394 400 409 440 744 800 852 1538 1557 1603 1848 2319 2982 2984 2994 3055 3373 3432 3486 3523 3724 4512 4691 4882 4910 5091 5113 5501 5608 5617 5805 5857 5984 5985 6205 6241 6434 6493 6539 6557 6615 6848 6910 7054 7485 8408 8459 8499 8505 8554 8567 8905 8932 9075 9084 9129 9191 9345 9368 9944 
74 72 98 103 164 340 435 574 617 697 792 830 965 1146 1164 1195 1306 1355 1580 1622 1627 1632 1813 1984 1995 2092 2159 2710 2771 3068 3097 3204 3256 3565 3569 3591 3603 3711 3760 4149 4184 4221 4245 4575 5279 5377 5521 5522 5720 5843 5846 5951 6069 6154 6363 6551 6552 6648 6738 6855 6993 7051 7200 7206 7788 8237 8263 8365 8764 8941 8985 9292 9295 9300 9974 
49 75 84 325 358 459 559 708 872 1038 1794 1845 1942 1959 1974 2501 2530 2772 2893 3001 3017 3524 3576 3672 3810 3819 3962 4255 5411 5641 5705 6655 6678 6682 6868 6877 7000 7033 7146 7260 7497 7651 7794 7838 7953 8022 8040 8686 8701 8755 
80 81 96 116 194 242 304 311 329 858 927 1037 1135 1149 1552 1621 1680 1722 1866 1907 1960 2087 2088 2151 2198 2339 2596 2640 2648 2700 2808 3079 3104 3127 3184 3305 3331 3406 3688 3761 3795 3886 3926 3963 4236 4282 4319 4412 4607 4716 4829 4974 5060 5135 5432 6073 6148 6188 6545 6847 6870 6908 7024 7375 7397 7508 7797 8225 8245 8390 8426 8460 8658 9263 9279 9553 9613 9614 9626 9694 9945 
61 83 87 90 110 150 231 610 671 742 940 997 1069 1081 1374 1402 1509 1724 1822 1869 1893 2104 2262 2270 2622 2704 2716 2734 2764 2813 2824 4756 4864 5058 5208 5236 5439 6619 6639 6675 6677 6721 6866 7254 7365 7476 7491 7661 8294 8323 8329 8507 8527 8584 8865 9312 9479 9486 9659 9804 9815 9885 
80 85 88 108 179 213 299 554 614 641 657 859 863 892 967 984 1014 1088 1332 1439 1575 1589 1771 1782 1828 2031 2267 2324 2371 2422 2567 2711 2751 3077 3300 3332 3450 3559 3809 4081 4123 4273 4392 4492 4538 4576 5128 5633 5645 5888 5959 6033 6506 6507 6818 6925 6988 6990 6998 7110 8254 8326 8368 8447 8515 9018 9036 9039 9040 9096 9206 9382 9404 9459 9495 9508 9510 9531 9542 9816 9904 
58 86 94 193 208 362 388 501 662 663 749 757 1085 1249 1328 1443 1755 1818 1835 2034 2157 2231 2238 2250 2560 2606 2619 2631 2689 3123 3623 3638 3892 4218 4244 5192 5247 5275 5280 5615 5896 5988 5989 6192 6282 6317 6620 7003 7593 7758 7781 7836 7952 9004 9156 9256 9298 9396 9943 
72 99 102 233 323 429 661 751 753 915 958 1003 1122 1126 1292 1342 1427 1500 1731 1770 1991 2022 2140 2217 2237 2274 2575 2736 2811 2847 2852 2856 2870 3367 3456 3737 3931 3964 4024 4036 4089 4116 4127 4232 5139 5187 5227 5249 6586 6694 6715 6909 7030 7044 7302 7558 7653 7680 7709 7766 8320 8370 8494 8625 8936 8937 8978 9010 9079 9142 9544 9796 9970 
64 100 101 114 118 274 353 724 791 835 968 1011 1041 1227 1255 1386 1499 1824 1923 2052 2077 2313 2343 3426 3550 3877 4029 4046 4057 4165 4225 4285 4299 4441 4613 4727 4857 4958 5010 5085 5123 5407 5737 5773 5849 5879 6058 6189 6513 6565 6705 6820 6943 7028 7153 7597 7875 9340 9372 9400 9578 9599 9714 9866 9997 
73 105 109 123 125 217 298 391 502 704 885 932 1189 1234 1272 1397 1408 1570 1583 1620 1814 2016 2035 2037 2439 2512 2835 3078 3114 3186 3507 3548 3577 3665 4528 4593 4618 4831 4866 4873 5009 5020 5055 5092 5225 5276 5348 5629 5653 5783 5907 5932 6020 6063 6253 6383 7038 7084 7232 7445 7806 7851 7930 8151 8271 8276 8354 8430 8568 8631 8921 9038 9113 9392 
64 106 120 127 167 173 339 361 605 681 986 1077 1277 1535 1642 1712 1842 1931 2188 2209 2291 2719 2738 2755 2789 2957 2996 3100 3509 4587 4614 4685 4703 4801 5392 5611 5638 6231 6311 6503 6524 6594 6602 6659 6732 6853 6928 6939 7402 7434 7465 7542 7562 8006 8033 8121 8170 8190 8196 8302 8572 9514 9630 9785 9800 
69 107 111 158 241 310 474 488 600 805 1176 1191 1414 1434 1442 1480 1525 1561 1763 1895 1934 2306 2357 2582 2759 2826 2850 2924 2962 3108 3144 3234 3380 3502 3729 3734 3822 3870 3880 4490 4527 4946 4960 5254 5282 5680 5740 5748 6784 7249 7548 7650 7796 7856 7884 8035 8259 8281 8420 8521 8573 9028 9078 9093 9144 9165 9399 9535 9901 9993 
59 112 222 250 317 328 518 764 809 897 926 993 1073 1117 1275 1568 1577 1705 1953 2019 2138 2169 2433 2443 2679 2809 3013 3072 3082 3384 3445 3714 3754 3827 3941 3947 3986 4113 4159 4206 4207 4404 4428 4827 4859 4894 5003 5268 5316 5757 6111 6277 6278 6427 6435 6647 6834 6875 7659 7802 
84 119 151 205 384 553 658 775 837 920 948 956 959 1028 1220 1274 1340 1432 1571 1582 1665 1711 1743 1810 1875 1890 1936 2012 2373 2374 2528 2669 2978 3368 3385 3957 4015 4053 4083 4390 4432 4461 4515 4546 4779 4959 5175 5266 5304 5416 5482 5524 5612 5614 5952 6042 6112 6115 6127 6173 6323 6571 6683 6864 6892 6953 7101 7312 7736 8474 8717 8774 8863 8952 9007 9056 9063 9247 9273 9463 9464 9521 9552 9761 9905 
55 121 137 165 260 293 420 433 498 510 540 725 1066 1083 1469 1496 1528 1674 1704 1777 1792 2234 2338 2394 2493 2550 2600 2667 2936 3225 3302 3310 3414 3677 4056 4950 5034 5508 5681 5735 5806 5858 6142 6459 7239 7262 7504 7568 7586 7944 9478 9677 9783 9861 9873 9920 
73 122 134 174 247 285 446 622 677 695 707 711 833 845 1142 1168 1212 1345 1377 1429 1507 1772 2015 3022 3175 3214 3235 3425 3452 3567 3609 3617 3648 4101 4278 4444 4487 4497 5073 5191 5216 5278 5302 5378 5631 5640 5668 5834 5987 6006 6220 6353 6387 6764 6780 6806 6903 6917 7244 7272 7362 7847 7927 7945 8052 8103 8333 8542 8596 8745 8756 8826 9183 9220 
59 129 142 145 341 346 368 447 745 1027 1070 1216 1521 1551 1730 1737 1833 1948 1964 2867 2891 2941 3375 3477 3588 3620 3758 3797 4108 4150 4387 4471 4638 4818 5042 5291 5397 5422 5498 5788 6926 6969 7077 7185 7198 7389 7687 8054 8060 8820 8883 9041 9058 9187 9650 9676 9682 9704 9728 9928 
73 130 131 156 177 301 881 991 994 1156 1196 1289 1450 1455 1624 1727 1735 1791 1945 1946 2044 2103 2372 2589 2969 2999 3132 3167 3303 3341 3360 3391 3419 3683 4098 4125 4298 4678 4679 4790 4915 5263 5267 5499 5572 5690 6240 6360 6527 6566 6570 6607 6946 7221 7303 8454 8504 8628 8707 8722 8827 8829 8907 8920 9017 9031 9149 9246 9276 9446 9639 9718 9860 9955 
70 133 135 149 175 234 302 516 537 611 720 759 895 950 1441 1526 1672 1781 1788 1809 1928 1976 2095 2118 2341 2395 2459 2927 3879 3913 4059 4067 4264 4745 4757 5023 5075 5103 5122 5274 5322 5326 5801 5822 6078 6085 6322 6399 6596 6773 6800 6802 6832 7015 7761 7949 8464 8583 8641 8667 8734 8737 8891 8894 9123 9138 9468 9528 9707 9765 9782 
76 136 140 141 153 257 438 448 493 561 734 770 903 1008 1611 1655 1720 1954 2091 2225 2414 2452 2507 2980 3090 3152 3162 3265 3281 3468 3492 3538 3566 3867 4022 4366 4583 4592 4964 5080 5325 5405 5792 5798 5799 5902 6130 6280 6332 6409 6423 6448 6481 6634 6706 6708 6793 6924 7090 7443 7460 7842 7862 8169 8202 8378 8395 8467 8819 8875 8882 9049 9496 9506 9598 9651 9672 
47 143 154 157 166 178 618 669 766 1045 1064 1134 1283 1446 1483 1515 1744 1805 1891 2110 2156 2181 3351 3394 3435 3564 3759 3841 3895 4334 4816 4849 5306 5321 5473 5553 5677 5745 5768 6186 6279 6359 6484 6671 6730 7164 7218 7324 
59 144 181 307 336 412 1065 1110 1225 1253 1347 2294 2406 2461 2523 2635 2722 2912 2959 2975 3010 3041 3489 3645 3668 3726 3853 4074 4117 4129 4409 4526 5019 5040 5125 5450 5470 5485 5532 5827 5931 6273 6297 6918 6935 6942 7014 7454 7461 8415 8500 8593 8881 8964 9060 9094 9201 9217 9302 9329 
73 146 147 163 169 185 256 269 313 675 1209 1930 1949 2027 2366 2490 2831 2877 3066 3403 3482 3532 3533 3656 3675 3783 3855 3859 3987 4030 4148 4187 4239 4343 4713 4763 5027 5079 5240 5294 5412 5426 5479 5571 5939 5998 6056 6373 6426 6535 6974 7060 7177 7281 7486 7920 7951 7971 8057 8147 8441 8462 8525 8552 8664 8795 8879 9059 9137 9185 9309 9706 9795 9822 
55 152 184 295 377 527 558 567 606 692 904 983 1019 1284 1297 1445 1609 1747 1973 2086 2098 2162 2240 2269 2532 2633 2761 2841 2990 3070 3075 3130 3151 3250 3325 3560 3606 3627 3655 5067 5231 5666 5708 6139 6218 6304 6504 6533 6822 7478 7535 7624 9057 9066 9199 9408 
70 155 183 216 249 473 495 585 586 630 1105 1113 1203 1257 1412 1456 1458 1505 1631 1694 2114 2165 2208 2376 2431 2468 2514 2803 2898 2932 2960 3153 3388 3407 3487 3662 3753 4977 4987 5036 5357 5744 5816 5886 6123 6190 6196 6245 6588 6768 6844 6915 6937 6952 7283 7636 7665 7738 7980 8072 8171 8172 8531 8560 8689 8847 8967 9711 9763 9820 9967 
58 159 180 290 291 423 543 786 788 793 861 923 949 982 1998 2006 2010 2109 2233 2816 2857 3474 3600 3712 4050 4060 4290 4337 4425 4523 4808 4929 4990 5211 5559 5587 5743 6179 6258 6385 6463 6972 7235 7400 7679 7715 8106 8201 8229 8297 8483 8501 8566 8580 9551 9757 9858 9917 9956 
76 161 223 271 334 373 687 730 756 816 817 1211 1354 1465 1488 1532 1540 1546 1906 2064 2203 2241 2280 2327 2368 2503 2690 2691 2748 2788 2863 2913 3012 3033 3179 3299 3400 3825 3842 3884 4241 4297 4897 4963 4971 5087 5184 5957 6097 6119 6301 6329 6345 6453 6642 6718 6938 7162 7314 7361 7452 7621 7889 7918 8253 8807 9114 9128 9237 9238 9255 9590 9642 9746 9787 9845 9998 
71 162 188 294 415 480 542 570 623 876 1012 2059 2166 2346 3024 3098 3105 3113 3257 3372 3410 3699 4381 4400 4420 4879 4931 4985 5244 5315 5463 5554 5602 5606 5933 6061 6120 6136 6286 6502 6585 6717 6720 7029 7316 7404 7426 7630 7710 7873 7885 8056 8270 8286 8397 8422 8427 8492 8715 8969 8984 9067 9195 9333 9378 9390 9457 9491 9577 9838 9871 9926 
57 171 187 251 283 398 402 485 848 944 947 1140 1232 1384 1462 1607 1682 1687 1853 2060 2063 2082 2177 2265 2320 2349 2408 2440 2783 2818 2879 3095 3141 3155 3205 3535 3733 4767 4770 4837 4881 4947 5381 5555 5598 5683 6443 6592 6618 6786 6803 6920 7022 7147 7483 7592 8143 9947 
69 186 203 215 457 1131 1150 1163 1229 1811 1858 1901 1914 2075 2119 2290 2411 2477 2655 2684 2851 2865 2903 2986 3061 3480 3781 3848 3858 3893 4169 4240 4320 4493 4501 4563 4890 5650 5817 6071 6160 6378 7179 7308 7313 7315 7387 7701 7892 7938 7976 8166 8351 8509 8623 8684 8704 8792 8915 8988 9012 9227 9337 9353 9384 9444 9449 9571 9839 9938 
74 189 191 195 357 364 426 468 612 710 868 971 996 1000 1133 1219 1239 1361 1373 1700 2024 2089 2097 3223 3484 3614 3802 3814 3829 3888 3992 4120 4141 4477 4478 4569 4597 4710 4877 5132 5333 5475 5557 5953 6197 6342 6354 6528 6665 6752 6852 6865 6977 7118 7194 7351 7381 7433 7444 7780 7803 7915 7975 8184 8210 8348 8382 8532 8687 8940 9011 9061 9267 9354 9975 
64 192 200 211 228 252 286 387 914 980 1175 1273 1359 1363 1444 1766 2116 2894 3016 3133 3490 3549 3578 3719 4028 4121 4154 4464 4467 4508 4872 4878 4932 4984 5101 5820 5853 6051 6456 6679 6833 6962 7078 7108 7203 7555 7629 7654 7662 7691 7723 8180 8268 8315 8342 8479 8518 8629 8893 8925 8977 9265 9357 9443 9450 
61 196 221 297 726 1079 1124 1487 1795 1844 1887 1935 1983 2049 2350 2564 2590 2615 2617 2677 2833 2845 2952 3713 3849 3918 3956 4291 4446 5288 5358 5371 5384 5507 5627 6573 6680 6958 7082 7393 7423 7430 7569 7623 8010 8165 8267 8402 8403 8448 8472 8733 8959 8999 9171 9213 9228 9236 9388 9410 9608 9611 
79 197 204 243 321 379 442 444 505 870 2058 2154 2328 2389 2405 2412 2448 2553 2657 2665 2732 2735 2871 3067 3122 3170 3278 3408 3478 4013 4188 4286 4418 4438 4645 4683 4841 5163 5243 5260 5265 5317 5320 5400 5402 5766 5778 5797 6207 6295 6324 6440 6521 6583 6667 6681 7005 7012 7167 7328 7343 7490 7863 7869 8034 8042 8092 8153 8322 8679 8719 9029 9178 9284 9460 9485 9530 9533 9627 9846 
83 198 201 209 248 266 632 638 784 812 888 1074 1160 1193 1479 1599 1684 1815 1925 1943 2014 2148 2207 2230 2487 2662 2770 2774 2812 2988 3057 3356 3382 3612 3621 4037 4332 4489 4721 4887 4933 4939 4952 5065 5173 5221 5226 5528 5669 5895 5961 5965 6004 6027 6031 6133 6256 6411 6556 6782 6817 6945 7068 7565 7594 7609 7947 8114 8160 8391 8439 8754 8787 8838 8948 8953 8965 9086 9107 9118 9679 9784 9806 9865 
68 199 224 246 303 857 864 990 1378 1474 1541 1572 1581 1849 1904 2336 2354 2441 2654 2698 2767 2920 2991 3005 3025 3189 3206 3599 3619 3659 3808 3860 3881 3907 3973 4199 4202 4265 4466 5119 5390 5930 5969 6028 6057 6299 6379 7525 7590 7613 7763 8011 8044 8206 8310 8440 8591 8601 8710 9080 9106 9110 9164 9172 9310 9322 9356 9416 9791 
57 202 235 236 458 478 481 591 635 804 1231 2537 2583 2810 2839 2882 2922 3035 3293 3340 3415 3506 3540 3590 3752 4413 4459 4705 4711 4786 5337 5364 5616 5648 5789 5867 5871 6049 6095 6613 6637 6670 6750 6826 6895 7256 7305 8613 8647 8724 8810 9448 9458 9719 9731 9736 9854 9999 
78 206 210 226 239 441 496 576 822 1039 1224 1280 1313 1337 1387 1398 1430 2033 2073 2218 2399 2415 2426 2671 2703 2766 2931 2987 3101 3121 3146 3228 3238 3647 3652 3806 3832 3911 3972 4002 4183 4263 4269 4448 4507 4608 4634 5076 5413 5637 6121 6490 6537 7183 7259 7462 7573 7575 7749 7910 7916 8019 8137 8409 8436 8456 8624 8695 8782 8790 9016 9050 9245 9269 9339 9411 9586 9770 9919 
69 207 214 237 259 416 545 634 941 1123 1137 1144 1422 1554 1619 1789 1831 1846 1876 1902 1924 1978 2111 2115 2284 2460 2525 2625 3137 3447 3471 3553 3587 3937 3967 4534 4550 4735 4776 4856 4920 5000 5088 5206 5300 5658 6007 6238 6702 6755 6812 6823 6861 6896 6966 7099 7241 7242 7321 8026 8066 8067 8085 8204 8243 8598 8663 8741 8871 9969 
81 218 238 262 288 316 604 686 803 1208 1307 1501 1512 1520 1536 1558 1626 1999 2009 2041 2421 2450 2623 2630 2733 2838 2846 2948 2954 3444 3542 3601 3615 4305 4327 4406 4588 4659 4667 4908 4924 5200 5323 5441 5759 5926 5940 5979 6014 6185 6234 6365 6442 6765 6845 6862 6944 6982 7125 7429 7439 7682 7800 7834 7928 7957 7987 8015 8242 8371 8400 8622 8630 8674 9244 9427 9503 9509 9543 9603 9604 9660 
59 219 232 281 337 407 521 672 928 1365 1459 1778 1988 1993 2232 2380 2396 2556 2659 2868 3000 3284 3287 3355 4328 4656 4782 4785 4844 4845 5329 5408 5625 5721 5851 5911 6016 6287 6374 6501 6514 6589 7388 7601 7903 8038 8538 8633 8727 8742 8799 8885 8973 8994 9116 9266 9455 9699 9712 9828 
71 220 229 263 371 375 434 660 665 1075 1198 1242 1264 1317 1630 1657 1673 1723 1738 1749 1864 2534 2558 2638 2647 2859 2872 2915 2930 3526 3531 3626 3813 3890 3939 4009 4012 4314 4345 4836 4895 4911 5044 5374 5489 5566 5685 5693 6018 6081 6176 6405 6418 6437 6466 6643 6791 7045 7770 7871 7958 8112 8123 8152 8434 8637 8690 8753 8784 9414 9693 9727 
76 230 255 277 315 530 555 680 690 802 844 867 1026 1161 1199 1389 1524 1578 1648 1699 2020 2160 2345 2476 2502 2576 2643 2649 2793 2935 2953 2977 3047 3051 3088 3125 3143 3696 3757 3812 4445 4639 4665 4671 4835 4884 5069 5126 5176 5214 5256 5530 5581 5673 5717 5955 6158 6455 6576 6624 6934 6963 7282 7366 7380 8096 8331 8416 8511 8514 9026 9111 9262 9294 9645 9653 9937 
67 240 244 289 366 374 763 808 952 1102 1116 1143 1391 1393 1530 1595 1598 1779 2125 2131 2282 2323 2333 2479 2485 2492 2591 2699 2902 2925 3026 3211 3246 3396 3469 4788 5038 5046 5047 5121 5157 5373 5403 5511 5514 5660 6077 6145 6275 6438 7062 7098 7129 7205 7334 7338 7372 7509 7963 7985 8369 8517 8585 8640 8845 8914 9232 9996 
62 245 273 338 392 607 639 722 850 855 935 987 1040 1183 1262 1304 1399 1457 1478 1764 1827 1847 1883 1909 1987 2666 2777 3629 3710 3749 3965 4040 4058 4186 4312 4340 4580 4916 5335 5423 5471 6157 6204 6391 6541 6577 6660 7080 7157 7191 7253 7517 7553 7557 7561 7757 7778 7859 8195 8258 8287 8355 8632 
70 253 268 414 642 1078 1186 1314 1357 1543 1550 1606 1638 1656 1888 2096 2171 2223 2299 2546 2610 2713 2742 2909 3120 3183 3218 3261 3327 3383 3451 3640 3658 3837 3852 3866 4640 4684 4772 4853 4880 4903 5424 5453 5505 5550 5655 5996 6159 6183 6193 6510 6546 6608 6713 6766 7310 7539 7688 7690 7835 7966 8000 8001 8048 9362 9363 9401 9546 9597 9949 
55 254 270 280 305 324 330 568 624 728 843 933 976 992 1007 1098 2533 2561 2598 2616 2697 2965 3666 3756 3861 3878 3997 4201 4475 4571 4690 5284 5305 5418 6015 6025 7211 7274 7360 7425 7523 7968 8512 8635 9034 9042 9148 9161 9288 9426 9434 9445 9482 9602 9803 9907 
61 258 264 275 279 287 390 404 524 810 853 1059 1082 1154 1254 1282 1612 1733 1801 1802 1971 2261 2301 2379 2744 2778 2890 2940 2963 3006 3094 3174 3279 3371 3423 3521 3691 3862 3905 3921 5063 5451 5491 5540 5702 5731 5779 5823 5945 6198 6264 6614 6696 7163 7250 9046 9076 9115 9289 9696 9773 9786 
75 265 306 327 331 532 703 713 1092 1120 1128 1221 1286 1320 1371 1549 1855 2055 2121 2128 2263 2488 2500 2538 2573 2837 2901 3031 3083 3326 3405 3411 3428 3646 3776 3909 3975 4051 4052 4292 4422 4867 4976 5118 5707 5770 5784 5947 5997 6151 6187 6335 6370 6522 7248 7267 7384 7398 7660 7954 7973 7988 8047 8068 8078 8346 8386 8537 8638 8765 8783 9424 9436 9526 9876 9982 
65 267 282 322 345 363 482 557 739 789 849 874 889 954 1067 1157 1381 1471 1968 1992 2042 2184 2195 2235 2236 2438 2451 2465 2645 3771 3936 3959 4048 4132 4560 4942 5031 5071 5349 5436 5696 5912 5919 5958 6024 6041 6088 6415 7111 7238 7340 7435 7496 7566 7825 7832 8030 8081 8138 8269 8285 8340 8607 8612 8700 8821 
66 272 296 308 453 1349 1360 1380 1608 1669 1748 1820 2552 2566 2878 2964 3018 3148 3187 3208 3262 3264 3366 3955 4004 4027 4242 4246 4629 4661 4699 4901 5057 5140 5464 5552 5659 5763 5769 5790 5821 6380 6496 6516 6549 6575 6654 6711 6850 6929 7079 7271 7341 7410 7999 8086 8797 8806 8924 8962 9136 9180 9435 9558 9794 9864 9962 
76 292 383 465 529 712 795 1023 1061 1104 1169 1939 2000 2002 2081 2194 2239 2298 2325 2369 2551 2572 2639 2745 2972 3092 3106 3271 3282 3291 3465 3511 3572 3643 3751 3778 3779 3854 4086 4164 4513 4531 4615 4624 4720 4723 5209 5262 5342 5446 5520 5620 5915 6074 6137 6701 6851 6971 6975 6997 7116 7140 7247 7812 7923 7932 7992 8004 8021 8181 9159 9168 9179 9348 9595 9739 9906 
60 300 314 417 445 464 796 801 898 936 1013 1072 1162 1269 1322 1325 1486 1537 1604 1851 1912 2307 2519 2636 2728 2741 2773 3064 3185 3244 3581 3594 5030 5094 5170 5319 5372 5500 5531 5898 6053 6166 6293 6392 6395 6640 6689 6841 7113 7277 7326 7533 7559 7607 7886 8094 8379 8428 8950 8963 9013 
62 309 347 351 427 779 797 829 832 1132 1180 1559 1628 1658 1713 2933 3003 3071 3147 3252 3296 3393 3993 4065 4434 4641 4815 4822 5143 5309 5828 6292 6336 6372 6377 7086 7210 7213 7222 7286 7295 7405 7698 7699 7717 7737 8063 8220 8304 8582 8683 8739 8939 8956 9071 9102 9124 9130 9513 9516 9534 9709 9881 
74 312 344 405 471 781 819 1090 1222 1256 1527 1593 1695 1706 2067 2105 2200 2213 2288 3161 3236 3320 3409 3461 3630 3633 3682 3727 3982 4019 4078 4091 4140 4162 4231 4423 5026 5093 5108 5388 5562 5701 5725 6008 6087 6318 6825 6831 6900 7112 7131 7136 7325 7344 7395 7704 7727 8076 8133 8167 8176 8344 8435 8484 8488 8947 9055 9087 9175 9214 9315 9471 9563 9655 9857 
54 319 372 380 411 628 732 846 919 929 1004 1076 1260 1368 1464 1472 1569 1676 1872 2197 3856 4097 4673 4689 4714 4863 4973 5100 5131 5205 5580 5670 5800 6038 6201 6737 6770 6776 6814 6828 7155 7178 7225 7470 7513 7642 7775 8341 8761 8762 8780 8848 9020 9100 9934 
56 320 335 354 507 523 659 685 731 834 1095 1165 1215 1305 1336 1485 1511 1654 1696 1756 1979 2045 2383 2392 2471 2637 2660 2672 2696 3224 3249 3344 5032 5035 5383 5434 5527 6396 6554 6564 6582 6724 6777 6869 6949 7230 7664 7804 7955 7979 7983 8007 8503 8574 9511 9813 9927 
72 326 348 406 569 582 583 664 854 960 973 1057 1068 1111 1426 1519 1590 1670 1870 2072 2196 2277 2340 2508 2516 2820 3150 3191 3201 3674 3717 3728 3766 3871 4521 4628 4686 4709 4982 5129 5158 5376 5494 5762 5935 6184 6257 6272 6420 6534 6674 6697 6736 6759 7204 7266 7383 8115 8125 8156 8191 8226 8345 8605 8864 8904 9077 9282 9364 9365 9824 9843 9914 
50 333 519 650 733 790 811 827 2268 2359 2391 2497 2518 2539 2599 2976 3042 3117 3181 3280 3319 3427 3660 3721 3830 4378 4543 4545 4594 4631 4736 4828 4851 4922 5303 5410 5437 5461 5592 5697 5699 5833 6497 6611 6874 7018 7409 7584 7585 7714 7989 
69 342 386 472 620 678 748 886 891 896 1062 1101 1413 1477 1825 1838 1882 1911 2018 2210 2428 2527 2604 2652 2731 2749 2786 2854 2923 3705 3999 4191 4283 4354 4482 4663 5015 5041 5293 5462 5577 7243 7252 7289 7531 7602 7719 7906 8159 8162 8208 8387 8540 8549 8610 8735 8851 8878 8971 9030 9032 9047 9054 9070 9328 9469 9667 9826 9842 9925 
50 349 352 395 513 547 593 608 865 1042 1044 1086 1513 1826 1863 2054 2187 2475 2614 2644 2694 2799 3023 3352 3574 3597 3833 3933 3945 4000 4449 4719 4755 5083 5565 5906 6108 6217 6227 6744 6914 6973 7025 7053 7285 7494 7528 7571 7790 7888 9977 
81 350 378 396 466 627 649 655 738 875 977 1118 1119 1173 1192 1523 1548 1633 1769 1969 1996 2008 2142 2226 2292 2300 2342 2404 2472 2796 2800 3190 3245 3247 3308 3337 3900 3908 3914 4025 4473 4485 4505 4554 4556 4842 5150 5588 5772 5938 5949 6062 6216 6247 6523 6560 6649 6836 6837 7074 7263 7577 7666 7883 7909 7967 8079 8216 8230 8261 8356 8553 8644 8831 9021 9133 9167 9685 9752 9909 9912 9995 
52 355 359 367 489 890 978 1114 1353 1449 1560 1597 1605 1807 1951 2065 2127 2385 2730 2814 2875 3169 3196 3740 3991 4073 4152 4209 4324 5037 5472 5603 5607 5664 5845 5887 6129 6223 6285 6414 6416 6714 6796 7150 7172 7188 7440 7640 7720 7939 7943 8917 9316 
63 365 413 467 479 514 565 631 647 721 743 762 894 1125 1290 1338 1544 1780 1796 1899 1900 1950 1972 2147 2173 2279 2382 3777 3790 3815 4075 4082 4399 4585 5195 5198 5430 5474 5497 6054 6128 6141 6406 6429 6489 7446 7480 7519 7560 7785 7912 8005 8013 8219 8274 8290 8353 8732 8858 9083 9395 9462 9467 9913 
65 369 410 422 451 747 899 937 961 1080 1130 1153 1321 1517 1533 1613 1616 1874 2078 2130 2819 3049 3285 3686 3765 3845 3850 4391 4454 4463 4799 5116 5133 5252 5533 5535 5810 5924 5929 5968 6090 6165 6305 6346 6916 6940 7187 7608 7713 7820 7921 8025 8158 8186 8207 8357 8520 8541 8648 8766 8816 8888 8972 9099 9145 9355 
66 370 393 456 462 700 768 1309 1343 1615 1742 1799 1803 1932 1952 2025 2039 2189 2259 2447 2529 2768 2821 2973 3008 3045 3343 3424 3460 3547 3869 3910 3974 3976 4090 4474 4572 4635 4783 5007 5127 5179 5346 5369 5435 5548 5599 5736 6244 7276 7391 7669 7692 7696 7721 8241 8272 8470 8544 8571 8602 8794 8954 9131 9361 9708 9832 
56 382 419 499 506 512 528 541 549 828 910 921 925 1010 1358 2605 2701 2864 3168 3192 3266 3376 3437 3476 3514 3716 3738 3775 3875 4318 4346 4359 4622 4644 4696 4715 4824 4883 5756 5785 5839 5847 6102 6315 6352 6597 6872 6904 6955 7331 7789 9299 9367 9405 9421 9562 9966 
72 397 408 470 637 654 818 1461 1497 1614 1741 1905 1966 2258 2351 2417 2510 2673 2895 3037 3129 3140 3164 3336 3546 3653 4111 4138 4349 4472 4494 4731 4923 4926 4957 5130 5343 5469 5601 5646 5751 5794 5803 6122 6131 6235 6261 6389 7092 7255 7422 7459 7466 7482 8317 8321 8620 8709 8849 8869 8889 9003 9064 9122 9189 9381 9415 9541 9547 9661 9663 9742 9987 
61 399 432 454 491 580 666 723 1060 1107 1136 1158 1251 1395 1596 1715 1726 1937 2026 2253 2378 2409 2611 3608 3636 3838 3904 4177 4442 4666 4728 5013 5016 5018 5421 5567 5684 5813 6047 6221 6224 6328 6530 6531 6839 6930 7066 7287 7503 7614 7626 8364 8393 8563 8565 8586 9346 9442 9475 9798 9802 9879 
62 401 460 526 579 595 719 862 1043 1050 1063 1148 1392 1407 1470 1829 1852 1922 2101 2193 2257 2289 2535 2650 2760 2787 2918 2998 3030 3919 4005 4042 4136 4350 4426 4676 4941 5048 5551 6348 6495 6550 6574 6712 6906 6911 7505 7631 7705 7914 8842 8856 8898 9044 9095 9210 9341 9417 9472 9580 9740 9743 9971 
75 421 439 450 525 667 670 682 918 1020 1145 1182 1248 1341 1352 1420 1423 1938 1994 2206 2384 2403 2524 2618 2634 2765 2955 3043 3099 3178 3198 3207 4039 4102 4144 4370 4453 4491 4577 4579 4610 5081 5114 5234 5241 5298 5590 5623 5724 5970 5978 6000 6243 6307 6473 6498 6598 6690 7094 7119 7196 7261 7355 7588 7760 7774 7783 8031 8155 8445 8506 8516 8614 8763 9751 9940 
64 424 437 483 490 517 702 831 877 1052 1207 1295 1623 1806 1955 1975 2094 2624 2815 3032 3039 3053 3059 3142 3503 3605 4228 4303 4739 5271 5331 5396 5753 5786 5796 6419 6465 6469 6477 6563 6590 6686 6843 6936 7121 7224 7421 7551 7599 8182 8247 8293 8343 8991 9052 9092 9252 9285 9466 9484 9609 9665 9717 9891 9892 
65 428 455 556 572 588 629 736 760 813 905 970 1030 1087 1089 1170 1453 1473 1564 1661 1663 1785 2141 2578 2580 2714 2883 2914 3109 3571 3720 3946 4076 4096 4214 4341 4388 4605 4682 4874 5110 5201 5393 5764 5900 5937 5946 6021 6331 6478 6830 6846 6899 7032 7056 7170 7668 7711 7841 7844 7959 7964 7984 8469 9882 9963 
62 430 515 597 839 909 1025 1031 1084 1200 1230 1285 1476 1634 1650 2158 2246 2347 2363 2418 2646 2817 2926 2983 3107 3118 3139 4300 4596 4602 4623 4698 4724 4787 4817 5050 5183 5385 5728 5734 5832 6094 6985 7002 7091 7144 7363 7382 7417 7457 8236 8262 8421 8519 8815 8908 8949 8957 9153 9196 9370 9600 9720 
51 436 500 613 621 645 737 826 1005 1115 1235 1339 1400 1573 1666 1860 2202 2281 2613 2709 2729 2853 2961 3027 3046 3239 3443 3517 3536 3552 3816 3912 4470 4484 4798 4834 4997 5021 5053 5258 5338 5460 5564 5889 5954 6140 6209 6219 7408 7552 7589 7773 
65 469 497 546 646 869 871 907 985 1250 1296 1356 1431 1438 1567 1675 1834 1885 2038 2066 2249 2260 2296 2430 2517 2559 3288 3290 3316 3508 3592 4252 4254 5099 5188 5248 5468 5518 5667 5830 5927 5973 6320 6742 6813 7041 7047 7126 7686 7829 8557 8651 8659 8901 8927 9202 9254 9407 9429 9579 9631 9686 9687 9809 9847 9853 
50 477 693 729 758 765 782 963 988 1097 1100 1139 1185 1261 3362 5102 5496 5537 5679 6144 6246 6361 6394 6610 6763 6792 6805 7065 7095 7100 7432 7507 7541 7677 7805 7867 8070 8113 8212 8336 8338 8376 8473 8786 8813 8832 8896 8909 9081 9242 9274 
63 484 494 596 696 887 911 1240 1245 1405 1417 2061 2122 2584 2612 2685 2834 2840 2947 2993 3009 3069 3585 3715 3723 3769 3857 4049 4364 4433 4439 4541 4611 4637 4747 4888 4904 5167 5654 5715 6096 6835 7189 7342 7475 7752 7771 7811 7995 8016 8126 8431 8771 8860 8912 8930 9119 9194 9207 9280 9305 9325 9515 9850 
59 487 520 652 683 716 880 883 989 1046 1237 1301 1463 1491 1601 1702 1823 1965 2106 2178 2211 2309 2315 2393 2495 2536 4139 4153 4190 4200 4247 4573 4589 4704 4726 4875 5404 5583 5709 5875 5991 6202 6412 6591 6703 7132 7479 7520 7656 7855 7878 7956 8884 9224 9374 9391 9572 9612 9675 9741 
76 503 508 619 651 798 825 901 975 1467 1584 1717 1751 1797 1839 1879 2134 2255 2311 2543 2608 2670 2688 2804 2888 2985 3011 3084 3274 3519 3949 4008 4107 4147 4157 4365 4500 4681 5004 5014 5239 5327 5365 5447 5678 5923 6454 6483 6558 6567 6579 6885 6923 6967 7023 7120 7347 7612 7671 7942 8012 8101 8193 8250 8303 8316 8330 8384 8411 8491 8649 8676 8777 8931 9090 9134 9918 
61 504 577 598 715 794 902 964 974 1006 1177 1498 1579 1671 1697 1703 1757 1821 2297 2436 2511 2562 2705 2966 3040 3145 3292 3772 3828 3932 4168 4171 4302 4734 4855 4944 5467 5604 5647 5781 5995 6010 6011 7273 7318 7416 7570 7673 8051 8099 8129 8255 8335 8372 8405 8453 8587 8594 8688 8694 9108 9173 
57 533 571 644 755 823 842 1271 1315 1324 1588 1594 1920 1921 1980 2860 2951 2995 3195 3555 3561 3789 3800 4018 4072 4133 4197 4383 4431 4649 4740 4743 4896 4975 5072 5142 5242 5417 6106 6233 6237 6334 6547 6605 6758 6767 6965 7008 7186 8862 8945 8990 8997 9053 9684 9781 9894 9973 
68 534 566 718 780 995 999 1001 1310 1495 1760 1854 1927 2434 2790 2797 2858 2866 2873 3044 3058 3111 3433 3516 3764 3785 3994 4045 4079 4295 4347 4394 4693 4694 4791 4797 4949 4986 5001 5222 5230 5391 5560 5733 5852 5863 5873 6104 6263 6338 6382 6403 6548 6626 6789 7223 7512 7598 7610 7843 7925 7997 8059 8485 8502 8539 8575 8657 8747 
68 535 563 602 741 785 873 1048 1152 1201 1218 1330 1518 1660 1734 1776 1886 2069 2074 2076 2093 2695 2739 2782 3610 3811 4001 4203 4212 4238 4379 4695 4913 4930 5180 5181 5238 5251 5277 5363 5628 5818 6170 6298 6309 6488 6735 6957 7020 7143 7175 7193 7212 7237 7306 7319 7638 7741 7890 8093 8197 8252 8429 8611 8691 8935 8992 8995 9014 
71 539 552 625 626 773 799 912 1103 1147 1187 1437 1636 1637 1693 1729 1881 2152 2224 2318 2377 2424 2429 2504 2807 2825 3036 3080 3202 3322 3347 3485 3958 4306 4323 4417 4514 4651 5134 5272 5352 5750 5809 6032 6075 6107 6288 6480 6494 6609 6661 7386 7487 7514 7619 7674 7765 8049 8134 8187 8265 8296 8374 8477 8850 8853 9307 9375 9492 9560 9754 9867 
41 544 615 640 754 769 1055 1167 1288 1482 1522 1576 2565 2757 2801 3988 4080 4092 4126 4289 4525 5086 5149 7367 7420 7652 7708 7725 7747 7850 7919 8039 8074 8645 8653 8671 8740 8976 9069 9121 9527 9643 
54 548 589 691 1267 1348 1351 1452 1662 1690 1784 1915 2244 2314 2478 2555 2651 2806 3158 3272 3339 3386 4011 4069 4173 4213 4562 4653 4654 4741 4852 4948 5025 5312 5649 5656 6632 6842 7034 7049 7103 7301 7735 7759 8185 8214 8305 8347 8359 8457 8772 8785 8805 8933 9126 
89 560 648 807 814 939 953 1051 1056 1129 1247 1390 1404 1415 1448 1617 1664 2256 2330 2400 2469 2496 2540 2653 2681 2718 2828 2937 2992 3215 3306 3389 3454 3525 3562 3676 3780 3782 3823 3901 4578 4657 4658 4662 4809 4811 4966 5056 5152 5579 5584 5804 5807 5974 6001 6125 6156 6536 6627 6641 6956 6987 7048 7055 7133 7339 7371 7605 7724 7740 7779 7849 8139 8476 8493 8617 8675 8873 8880 8975 9037 9203 9241 9461 9505 9662 9760 9805 9830 9911 
65 562 578 609 847 942 1024 1171 1403 1425 1668 1774 1800 1877 1880 1892 2056 2144 2205 2287 2353 2484 2607 2663 2763 3349 3439 3453 3586 3706 4374 4419 4552 4567 4581 4830 4891 4893 4955 5017 5515 5802 5972 6023 6059 6134 6532 6933 7149 7220 7359 7370 7464 7518 7981 8050 8135 8141 8192 8361 8466 8547 8746 8811 9002 9930 
50 575 1094 1276 1279 1300 1369 1600 1618 1691 1889 1916 2272 2375 3149 3277 3651 3703 3792 3872 4109 4566 4674 5068 5178 5190 5523 6002 6003 6271 6471 6612 6684 6858 6951 6986 7067 7093 7290 7772 7801 8041 8232 8319 8423 8443 8461 8608 9051 9296 9311 
63 584 699 772 777 884 979 1298 1302 1375 1382 1460 1830 1898 2079 2085 2136 2179 2251 2361 2548 2557 2577 2629 2775 2916 2967 3007 3028 3136 3315 3438 3624 3826 3940 3944 4035 4077 5449 5490 5812 5838 5905 5999 6035 6810 6849 6863 6984 7004 7176 7195 7374 7905 7935 7937 8080 8087 8412 8481 8599 8770 8828 8868 
49 594 636 761 836 1761 1817 1857 1997 2080 2155 2254 2337 2352 2784 2830 2848 3060 3222 3255 3267 5141 5513 5549 5561 5755 5765 6086 6194 6248 6461 6486 6894 7251 7323 7604 7627 8678 8866 8906 8974 9253 9402 9420 9540 9592 9658 9681 9827 9952 
90 653 674 684 815 838 1015 1036 1236 1244 1270 1433 1440 1574 1639 1646 1725 1745 1913 1967 2003 2011 2163 2214 2285 2317 2344 2420 2462 2515 2737 2746 2855 3019 3126 3194 3212 3440 3491 3518 3589 3678 4215 4317 4402 4408 4584 4796 4865 5313 5438 5652 5811 5884 5976 6052 6265 6267 6306 6330 6687 6726 6795 6807 7016 7046 7063 7202 7379 7474 7493 7516 7703 8157 8221 8528 8600 8703 8804 8814 8836 8955 8961 9197 9204 9205 9248 9502 9633 9899 9915 
61 689 694 714 740 824 1071 1166 1503 1587 1708 1714 1840 1985 1990 2032 2201 2264 2881 2904 2921 2968 2974 3056 3695 3700 3804 3898 4220 4243 4336 4502 4717 4925 4945 5296 5360 5878 5934 5948 5992 6302 6326 6349 6650 6707 6884 6897 7114 7181 7322 7427 8014 8130 8154 8194 8260 8366 8522 8535 8569 9961 
66 706 735 860 924 931 1372 1411 1933 1981 2047 2090 2579 2785 2910 3021 3062 3076 3110 3722 3747 4054 4124 4279 4384 4427 4509 4553 4737 5008 5185 5202 5259 5269 5299 5458 5619 5862 6401 6491 6646 6827 6854 7109 7130 7563 7579 7591 7685 7694 7821 7866 7911 7962 8061 8065 8312 8401 8495 8681 8692 8726 8738 8902 9701 9771 9790 
51 767 771 821 998 1029 1112 1179 1205 1243 1327 1334 1419 1504 2113 2449 2455 2541 2574 2592 3004 3085 3086 3242 3374 3698 3774 3876 4198 4226 4793 5808 5883 6135 6284 6289 6339 6475 6876 6921 7037 7050 7064 7336 8533 8570 8723 8750 8751 9208 9218 9756 
51 778 783 938 1021 1683 1721 1819 1910 1944 2001 2007 2481 2632 2740 2874 2899 3015 3209 3254 3307 3364 3709 3739 3950 4339 4372 4437 4486 4712 4795 4919 4978 5635 6195 6215 6222 6368 6601 6731 6748 7088 7227 8018 8023 8203 8289 8410 9654 9766 9883 9936 
74 851 878 879 913 922 1174 1293 1294 1318 1406 1451 1510 1685 1686 1762 1812 2174 2334 2387 2423 2463 2756 2827 2887 2897 2929 2979 2989 3163 3199 3258 3330 4182 4540 4601 4632 4777 5237 5586 5621 5774 5870 6064 6067 6080 6544 6809 6867 6878 6976 7154 7215 7538 7580 7810 7839 7993 8131 8149 8213 8337 8398 8413 8561 8666 8714 8748 8789 8872 8989 9062 9088 9212 9810 
46 1016 1181 1259 1278 1484 1494 1677 1740 1767 1787 1837 3537 3671 4962 4995 5049 5169 5856 5904 6110 6242 6375 6994 7039 7469 7495 7743 8032 8211 8217 8295 8581 8682 8708 8775 8938 9022 9073 9160 9243 9550 9680 9683 9759 9762 9852 
61 1053 1058 1155 1206 1258 1326 1388 1416 1492 1602 1647 1678 1701 1709 1808 1986 2416 2437 2593 3219 3363 3378 3379 3657 3865 3885 4070 4134 4143 4424 4496 4625 4630 5117 5159 5172 5197 5386 5517 5630 5675 5676 5771 6029 6226 6250 7676 7695 7739 7996 8046 8358 8498 8636 9035 9209 9231 9249 9437 9593 9638 
63 1099 1194 1204 1238 1370 1586 1592 1645 1856 1919 2252 2266 2410 2419 2568 2609 2884 2943 3038 3160 3221 3251 3273 3313 3335 3345 3556 3968 3984 4396 4405 4407 4415 4680 4993 5104 5516 5526 5541 5639 5990 6485 6693 7158 7173 7292 7300 7510 7718 7728 7784 7853 7872 8163 8188 8298 8496 8524 8530 9413 9670 9767 9819 
57 1226 1233 1335 1346 1466 1790 1862 1918 2180 2182 2278 2435 2457 2489 2594 2602 2693 2939 2946 3073 3370 3510 4128 4326 4452 4688 4860 4928 4970 5890 5981 6581 6651 6739 6856 6891 6941 7142 7549 7647 7858 7870 8003 8037 8043 8082 8257 8292 8313 8444 9234 9240 9373 9406 9488 9774 9849 
59 1366 1379 1421 1481 1529 1610 1652 2107 2220 2273 2587 2642 2792 3172 3220 3499 3596 3784 3906 3924 4229 4271 4369 4430 4524 4633 5155 5165 5177 5387 5901 6084 6367 6449 6658 6698 6819 7145 7208 7293 7436 7581 7615 7948 7960 8053 8142 8273 8314 8380 8513 8592 8604 9211 9251 9668 9793 9818 9979 
71 1468 1547 1659 1679 1816 1897 2112 2161 2164 2348 2480 2491 2571 2626 2861 2869 2949 3230 3304 3398 3430 3495 3680 3920 4068 4112 4160 4196 4277 4455 4965 5051 5478 5538 5546 5594 5671 5925 6019 6254 6300 6622 6733 6734 6902 6905 6992 7160 7447 7554 7628 7672 7746 7815 7818 7907 8117 8144 8222 8669 8680 8698 8773 9132 9428 9441 9477 9499 9517 9539 9575 
51 1508 1649 1716 1850 1867 1977 2017 2137 2168 2356 2470 2505 2521 3029 3217 3298 3353 3462 3473 3493 3796 3952 3970 4031 4088 4517 5477 5525 5732 5777 5793 5859 5922 6428 6432 6645 6672 6716 6725 6960 7115 7998 8024 8209 8231 8309 9334 9360 9386 9452 9523 
49 1514 1873 1894 2043 2057 2192 2432 2586 2715 2769 4284 4344 4358 4401 4936 4998 5174 5297 5311 5328 5332 5643 6169 6723 6727 6774 6779 6821 7473 7521 8102 8104 8120 8282 8283 8406 8490 8589 8752 8823 8861 8946 8983 9112 9184 9507 9591 9596 9698 
58 1531 1641 1689 1746 1754 1793 1884 2040 2124 2146 2286 2312 2425 2453 2520 2687 2795 2802 2836 3210 3259 3359 3479 3661 3702 3943 4495 4722 4871 4934 4956 5287 5864 6313 6436 7442 7500 7544 7574 7681 7700 8095 8200 8251 8425 8475 8486 8555 8619 8670 8728 8830 9566 9725 9755 9924 9964 9988 
45 1539 1562 1736 1768 1773 2222 2473 2499 2569 2823 2829 2997 3357 3392 3527 3598 3635 3644 3667 4006 4061 4135 4440 4510 4668 4759 5161 5344 5674 5908 5917 5918 6252 6337 6388 6529 6898 7010 7138 7214 9278 9487 9610 9652 9732 
38 1758 1786 1868 2004 2216 2228 2444 2483 2544 2581 2781 3116 3154 3240 4007 4010 4064 4483 4800 5033 5090 5120 5433 5519 5689 5711 6045 6153 6433 6961 7197 7264 7304 7356 7864 7881 7894 9170 
63 1804 1832 1962 1982 2050 2120 2221 2247 2456 2656 2780 2889 2892 3390 3448 3470 3689 3863 4179 4249 4316 4377 4393 4398 4480 4636 4687 4839 5193 5232 5605 5752 5841 5876 5880 5894 6327 6341 6492 6553 6616 6704 6719 6747 7168 7219 7501 7546 7547 7924 7931 8077 8164 8175 8238 9225 9233 9326 9476 9519 9749 9841 9992 
59 1908 2068 2145 2153 2204 2303 2360 2464 2549 2743 2752 2805 3034 3156 3157 3401 3455 3575 3616 3642 3664 3897 3934 3938 4038 4055 4235 4261 4272 4367 4823 4914 4953 5171 5253 5345 5706 5722 5782 6857 7081 7106 7127 7184 7229 7258 7354 7471 7646 7764 7769 7833 8100 8227 8279 8280 8450 8471 8577 
65 1941 1957 1961 2117 2143 2191 2248 2322 2486 2522 2531 2620 2676 2678 2708 2798 2905 3128 3171 3314 3421 3463 3557 3773 3864 3930 4041 4100 4142 4371 4616 4707 4900 4969 5024 5061 5295 5509 5714 5746 5826 6343 6482 6511 6907 6932 7392 7831 8105 8140 8239 8526 8546 8551 8730 8731 8840 8913 8919 9186 9221 9291 9301 9319 9532 
41 1947 1970 2029 2099 2139 2150 2167 2692 2758 2849 2934 3226 3253 3446 3494 3704 3725 4195 4436 4462 4749 5367 5370 5632 5848 5909 6055 6103 6366 6474 6479 7059 7072 7431 7893 9383 9538 9607 9657 9834 9869 
58 1989 2229 2310 2358 2446 2482 2597 2603 2886 3063 3580 3613 3746 3902 3954 4003 4223 4248 4342 4389 4443 4465 4544 4672 4898 5217 5245 5595 5597 5600 5719 6147 6283 6290 6439 6464 6625 6676 6743 6762 7017 7058 7288 7450 7733 7744 7793 8559 8595 8606 8672 8824 9498 9518 9568 9576 9844 9874 
39 2048 2053 2062 2245 2702 2720 3323 3350 3504 3573 3681 3762 3768 3801 4204 4210 4551 4650 4700 5233 5354 5529 5545 5642 5738 5885 6555 6636 6669 7484 9019 9085 9347 9389 9456 9605 9690 9700 9792 
50 2051 2170 2293 2335 2413 2445 2554 2862 3237 3602 3844 3889 3896 3922 3960 4119 4968 5401 5492 5512 5687 5742 5754 5814 5960 5971 6270 6413 6425 6452 8248 8275 8301 8407 8564 8749 8760 8788 8796 9006 9331 9409 9453 9465 9497 9512 9573 9726 9768 9941 
53 2100 2467 2588 2595 2627 2674 2794 2958 3081 3159 3297 3311 3318 3457 3464 3593 3735 4172 4176 4180 4205 4275 4287 4520 4697 4954 5115 5394 5454 5488 5682 5686 5710 6044 6303 6357 6408 6417 6421 6603 6785 7373 7755 7882 7934 8392 8478 8489 8550 8712 8767 8834 9923 
55 2133 2911 3087 3203 3286 3413 3417 3449 3543 3607 3628 3670 3868 3953 4156 4258 4397 4503 4744 4892 4918 5011 5045 5145 5215 5264 5425 5613 5865 6098 6150 6400 6447 7057 7377 7644 7678 7702 7753 7777 7826 8145 8233 8300 8311 8377 8465 8665 8791 8855 9089 9146 9689 9733 9778 
50 2275 2295 2321 2386 2398 2563 2725 2876 2880 3065 3512 3551 3582 3583 3748 3817 3843 4026 4084 4456 4529 4760 4764 4780 4862 5006 5098 5281 5308 5324 5741 6066 7534 7606 7637 7707 7750 7751 8556 8615 8627 8656 8870 9015 9045 9158 9270 9359 9369 9989 
46 2407 2442 3625 3669 3708 3741 4260 4322 4561 4889 4988 5039 5368 5457 5575 5589 5824 6009 6050 6065 6168 6829 6948 6989 7013 7683 7830 7874 7929 7936 8090 8091 8228 8349 8662 8685 8758 8951 9127 9163 9229 9324 9431 9438 9673 9933 
38 2506 2621 2683 2747 2791 3200 3229 3342 4771 5310 5420 5442 5455 5891 6048 6079 6162 6266 6294 6390 6398 6816 7021 7174 7455 7540 7879 8597 8639 8809 8876 8900 9342 9349 9454 9500 9548 9888 
41 2753 2906 3002 3177 3301 3481 4194 4522 4558 4609 4886 4981 5194 5270 5389 5415 5672 6126 6208 6225 6255 6340 6369 6753 6769 6799 6808 6873 6947 7089 7102 7107 7216 7448 7922 7940 8062 8073 9470 9529 9637 
43 3182 3270 3324 3369 3418 3824 3835 4146 4257 4304 4357 4414 4421 4725 4742 4754 4778 4848 4906 4979 6117 6319 6451 6606 6756 6771 6919 6954 7583 7618 7622 7730 7913 8178 9091 9109 9140 9200 9223 9769 9776 9887 9991 
37 3193 3241 3260 3472 3545 3639 3654 3694 3743 3847 4516 4677 4938 5815 5982 6013 6163 6214 6668 6781 6797 6968 7073 7827 7865 8177 9048 9125 9297 9303 9483 9490 9587 9632 9872 9951 9968 
41 3227 3422 3441 3497 3981 3996 4103 4237 4376 4506 4907 5897 5944 6034 6180 6239 6381 6470 6540 6709 7007 7043 7199 7298 7309 7385 8437 8438 8626 8642 8646 8725 8776 8803 8987 8998 9371 9537 9722 9764 9893 
40 3294 3295 3387 3436 3595 4131 4230 4338 4375 4646 4732 5301 5356 5636 5661 6072 6174 6628 6657 6749 7026 7245 7265 7284 8097 8098 8124 8308 8536 8603 8609 8801 8817 8825 9024 9162 9174 9321 9814 9902 
42 3346 3348 3467 3501 3649 3718 3978 3995 4095 4174 4259 4329 4530 4620 4775 4825 4826 4937 5137 5235 5399 5536 5703 6274 6308 6635 6745 6761 7231 7234 7742 7754 7861 8892 9257 9308 9377 9387 9474 9489 9564 9702 
43 3399 3637 3701 3707 3730 3874 3983 4063 4115 4267 4280 4330 4368 4411 4761 4820 5111 5138 5144 5314 5366 5558 5578 5739 5836 5877 6037 6113 6149 6164 6350 6520 6542 6595 6838 7035 7042 7226 7345 7437 7550 7745 7876 
53 3466 3500 3541 3563 3770 4094 4498 4548 4660 4702 4708 4738 4902 5097 5136 5199 5459 5760 5761 5869 6039 6191 6200 6407 6644 7294 7536 7582 7689 7828 7877 8168 8334 8350 8373 8578 8706 8769 8802 8843 8877 8982 9143 9192 9317 9433 9440 9565 9646 9734 9735 9777 9950 
38 3522 3529 3534 3786 3882 3887 4118 4216 4333 4718 5105 5359 5712 5872 5910 6040 6155 6211 6296 6600 6652 6729 6871 7414 8083 8088 8299 8307 8367 8389 8510 8652 8697 9710 9840 9880 9897 9985 
41 3618 3692 3742 3990 4227 4268 4321 4468 5223 5290 5398 5480 5543 6124 6291 6314 6386 6430 6559 6794 6881 7083 7291 7524 7572 7578 7816 7823 7904 7965 7986 7990 7991 8029 8136 8284 8375 8744 9350 9922 9948 
30 3641 3650 4043 4460 4752 4972 5340 5493 5593 5624 5758 5854 6210 6213 7438 7451 7530 7813 7946 8174 8224 8291 8960 9320 9419 9422 9635 9674 9788 9878 
31 3763 3923 3935 4020 4093 4315 4789 4846 5146 5204 5568 5795 5942 5962 5980 6362 6371 6778 6804 7768 7786 7792 8110 8362 8768 8859 8993 9023 9097 9104 9141 
44 3767 4193 4748 4805 4806 4885 4909 5028 5355 5406 5486 5983 6083 6236 6312 6446 6883 7036 7124 7228 7233 7353 7424 7576 7657 7817 7857 7898 8058 8069 8075 8240 8388 8432 8822 8874 8944 9105 9155 9198 9569 9671 9697 9715 
31 3787 3805 3980 4256 4373 4457 4586 4599 4980 5634 5698 5850 6092 6100 6232 6316 6515 6604 6688 6798 6980 7529 7532 7543 7596 7896 7961 9166 9823 9870 9903 
37 3798 3951 4017 4062 4151 4532 4565 4617 4627 4784 4927 4935 5257 5503 5510 5704 6177 6269 6281 6404 6979 7122 7296 7335 7564 7822 7846 7970 8127 9182 9272 9306 9481 9583 9801 9808 9817 
45 3799 4504 4539 4670 4729 4810 4858 5089 5154 5229 5362 5380 5688 5787 5868 6082 6146 6182 6347 6638 6662 6882 7070 7096 7097 7201 7209 7307 7492 7498 7748 7899 7926 8383 8399 8414 8618 8673 9358 9423 9554 9555 9588 9695 9748 
46 3807 4071 4105 4137 4233 4353 4363 4595 4664 4861 4943 4991 5070 5074 5224 5382 5585 5718 5964 5975 6685 7052 7320 7329 7428 7477 7670 7712 7726 7731 8002 8008 8009 8189 8218 8446 8718 8886 9098 9275 9344 9352 9447 9656 9692 9959 
38 3820 3917 3942 3971 4175 4253 4435 4519 4591 4647 4648 4655 4792 4814 4994 5219 5448 5506 5622 5835 6458 6587 6656 6664 6991 7171 7180 7270 7390 7468 7526 7567 8036 9260 9313 9561 9831 9932 
43 3821 3903 3985 4104 4114 4270 4458 4547 4568 4590 4603 4781 4794 5066 5203 5452 5665 5767 5791 5829 6922 6983 7061 7128 7139 7352 7522 7625 7635 7799 7808 7840 7900 7977 8020 8215 8958 9157 9398 9713 9723 9862 9981 
45 3839 3883 3891 3929 4014 4033 4163 4301 4355 4361 5002 5029 5112 5286 5443 5569 5644 5861 5866 6012 6036 6043 6175 6351 6376 6517 6519 6673 6757 7105 7280 7364 7633 8324 8327 8394 8996 9025 9043 9117 9154 9581 9750 9875 9976 
39 3840 4099 4155 4178 4293 4360 4362 4559 4606 4813 4821 5077 5153 5162 5261 5874 5893 5899 6167 6333 6441 6699 6981 7071 7135 7278 7311 7368 7449 7463 8089 8122 8173 8451 8839 8844 8911 9176 9259 
41 3851 4016 4765 4833 4868 4961 4967 5062 5336 5596 5651 5844 5881 5928 6017 6099 6450 6543 6623 6746 6754 6801 6815 7207 7279 7346 7396 7415 7556 7814 9000 9120 9139 9281 9283 9304 9432 9439 9494 9545 9825 
42 3948 3969 4110 4296 4331 4395 4746 4773 4912 4989 4992 5022 5456 5484 5544 5662 5663 5749 6487 6526 6562 6633 6788 7537 7791 7897 8116 8128 8278 8650 8668 8968 8980 9008 9193 9286 9293 9338 9628 9648 9649 9986 
44 4032 4130 4185 4758 4819 4850 4951 4983 5095 5107 5109 5196 5283 5481 5775 5842 5892 5994 6022 6026 6631 6879 7275 7376 7394 7418 7901 7908 7933 8055 8064 8119 8277 9135 9239 9351 9385 9418 9451 9582 9640 9647 9729 9859 
40 4106 4158 4181 4224 4309 4356 4598 4774 4940 5164 5168 5210 5542 5713 5730 5776 5860 6431 6476 6505 6584 6617 6630 6666 6790 7545 7587 7697 8325 8433 8508 8979 9065 9215 9290 9366 9556 9570 9574 9939 
30 4476 4511 4621 5182 5189 5255 5273 5950 6005 6030 6172 6203 6508 7148 7268 7378 7655 7658 7795 7974 8028 8132 9261 9397 9501 9601 9621 9664 9724 9890 
31 4750 4766 4899 5207 5292 5819 5920 5963 6109 6152 6171 7027 7087 7117 7161 7182 7337 7634 8381 8417 8759 8887 8942 8981 9169 9314 9327 9379 9536 9886 9954 
16 8468 8588 8643 8660 8711 8793 8854 8929 9323 9430 9589 9617 9688 9833 9836 9931 
12 8482 8523 8543 8548 8716 8818 9504 9624 9634 9744 9758 9900 
12 8721 8903 8922 8926 9277 9376 9493 9524 9620 9721 9812 9837 
4 8729 8833 8899 8986 
6 9584 9616 9716 9730 9797 9960 
2 9856 9868 
1 9908 
1 9929 
2 9958 9980 
0 
0 
0 
0 
0 
0 
0 
0 
0 
0 
0 
0 
0 
0 
0 
0 
0 
0 
0 
0 
0 
0 
0 
0 
0 
0 
0 
0 
0 
0 
0 
0 
0 
0 
0 
0 
0 
0 
0 
0 
0 
0 
0 
0 
0 
0 
0 
0 
0 
0 
0 
0 
0 
0 
0 
0 
0 
0 
0 
0 
0 
0 
0 
0 
0 
0 
0 
0 
0 
0 
0 
0 
0 
0 
0 
0 
0 
0 
0 
0 
0 
0 
0 
0 
0 
0 
0 
0 
0 
0 
0 
0 
0 
0 
0 
0 
0 
0 
0 
0 
0 
0 
0 
0 
0 
0 
0 
0 
0 
0 
0 
0 
0 
0 
0 
0 
0 
0 
0 
0 
0 
0 
0 
0 
0 
0 
0 
0 
0 
0 
0 
0 
0 
0 
0 
0 
0 
0 
0 
0 
0 
0 
0 
0 
0 
0 
0 
0 
0 
0 
0 
0 
0 
0 
0 
0 
0 
0 
0 
0 
0 
0 
0 
0 
0 
0 
0 
0 
0 
0 
0 
0 
0 
0 
